日期,身份別,多方交易口數,多方交易契約金額(百萬元),空方交易口數,空方交易契約金額(百萬元),多空交易口數淨額,多空交易契約金額淨額(百萬元),多方未平倉口數,多方未平倉契約金額(百萬元),空方未平倉口數,空方未平倉契約金額(百萬元),多空未平倉口數淨額,多空未平倉契約金額淨額(百萬元)
"2015/7/27",自營商,574143,60266,609609,63595,-35466,-3329,273702,22049,491680,33520,-217978,-11471
"2015/7/27",投信,550,554,887,1042,-337,-488,7973,7368,6876,8664,1097,-1296
"2015/7/27",外資及陸資,177507,98283,181345,91883,-3838,6400,244081,44881,285918,61778,-41837,-16898
"2015/7/28",自營商,456046,46638,463345,47662,-7299,-1024,297594,23159,523163,35607,-225569,-12449
"2015/7/28",投信,1288,1487,561,656,727,831,8188,7455,6325,7916,1863,-461
"2015/7/28",外資及陸資,159560,87404,168569,92079,-9009,-4675,250388,43557,301824,65606,-51436,-22049
"2015/7/29",自營商,614486,62200,615979,59774,-1493,2426,240459,23508,427234,33434,-186775,-9927
"2015/7/29",投信,809,787,484,559,325,228,8444,7663,6322,7875,2122,-212
"2015/7/29",外資及陸資,170018,97129,172864,99563,-2846,-2434,251339,43486,302832,68159,-51493,-24673
"2015/7/30",自營商,461122,54018,420168,52534,40954,1484,272009,23656,417917,32163,-145908,-8506
"2015/7/30",投信,855,850,432,604,423,246,8549,7617,6106,7602,2443,15
"2015/7/30",外資及陸資,155189,88256,142952,78639,12237,9617,264447,48483,303913,63546,-39466,-15063
"2015/7/31",自營商,315147,41986,326171,39393,-11024,2593,280571,23600,437676,29547,-157105,-5947
"2015/7/31",投信,1278,908,473,522,805,386,9183,7702,5926,7287,3257,414
"2015/7/31",外資及陸資,130172,79266,141085,87044,-10913,-7778,259844,45750,310086,68829,-50242,-23079
"2015/8/3",自營商,474746,46458,473853,49500,893,-3042,295009,21538,449894,30223,-154885,-8684
"2015/8/3",投信,887,851,766,1016,121,-165,9289,7469,5938,7224,3351,244
"2015/8/3",外資及陸資,165354,93561,161840,87602,3514,5959,269343,51515,315383,68291,-46040,-16776
"2015/8/4",自營商,559550,52313,553465,59153,6085,-6840,316047,19479,465507,34929,-149460,-15450
"2015/8/4",投信,720,667,819,778,-99,-111,9313,7398,6037,7244,3276,154
"2015/8/4",外資及陸資,182314,100025,172437,95462,9877,4563,277098,51857,313332,64129,-36234,-12272
"2015/8/5",自營商,528238,48227,507091,44532,21147,3695,272041,21626,429009,33509,-156968,-11884
"2015/8/5",投信,905,740,408,423,497,317,9630,7518,5923,7058,3707,460
"2015/8/5",外資及陸資,144438,79614,146798,79998,-2360,-384,273365,49568,315774,62489,-42409,-12921
"2015/8/6",自營商,588699,60657,599979,63185,-11280,-2528,312814,20911,480625,35118,-167811,-14207
"2015/8/6",投信,616,687,641,793,-25,-106,9809,7418,5986,7060,3823,358
"2015/8/6",外資及陸資,166923,94895,175063,102686,-8140,-7791,281893,49666,331224,70385,-49331,-20719
"2015/8/7",自營商,482763,46800,486572,47270,-3809,-470,341781,21771,513581,36481,-171800,-14710
"2015/8/7",投信,671,834,683,852,-12,-18,9945,7730,6170,7378,3775,351
"2015/8/7",外資及陸資,160516,94474,151449,85482,9067,8992,286622,52908,327636,64369,-41014,-11461
"2015/8/10",自營商,423643,51124,429274,46881,-5631,4243,353231,25615,530682,36243,-177451,-10628
"2015/8/10",投信,563,605,468,464,95,141,9987,7924,6147,7400,3840,523
"2015/8/10",外資及陸資,145677,79036,146543,81052,-866,-2016,289215,52355,331536,65810,-42321,-13455
"2015/8/11",自營商,741896,67477,729236,72714,12660,-5237,379432,23992,544192,39563,-164760,-15571
"2015/8/11",投信,1066,1473,695,777,371,696,9961,7834,5672,6623,4289,1211
"2015/8/11",外資及陸資,211977,111253,210677,107053,1300,4200,304207,57354,344933,66490,-40726,-9136
"2015/8/12",自營商,826581,74222,846340,77956,-19759,-3734,328485,23420,491825,42621,-163340,-19202
"2015/8/12",投信,848,1149,858,1152,-10,-3,10016,7772,5698,6597,4318,1175
"2015/8/12",外資及陸資,223861,112934,223959,106966,-98,5968,306702,54352,337245,57525,-30543,-3173
"2015/8/13",自營商,422711,52823,450664,48032,-27953,4791,354089,26161,545549,40626,-191460,-14465
"2015/8/13",投信,1587,2170,1383,2006,204,164,10020,7822,5504,6468,4516,1354
"2015/8/13",外資及陸資,156892,81388,153084,88582,3808,-7194,313532,48020,340649,58833,-27117,-10813
"2015/8/14",自營商,332713,41750,326892,45253,5821,-3503,380430,25910,566189,43941,-185759,-18031
"2015/8/14",投信,1531,2192,1355,2065,176,127,10080,7938,5505,6455,4575,1482
"2015/8/14",外資及陸資,108488,63560,103280,57965,5208,5595,319981,46100,341573,51214,-21592,-5114
"2015/8/17",自營商,350935,52816,373521,52339,-22586,477,373483,25132,581062,42376,-207579,-17244
"2015/8/17",投信,4937,5079,5013,5083,-76,-4,10054,7809,5474,6344,4580,1465
"2015/8/17",外資及陸資,134369,92562,136812,97217,-2443,-4655,324422,48606,347547,58526,-23125,-9920
"2015/8/18",自營商,421553,61926,437397,61450,-15844,476,372466,24676,596142,41104,-223676,-16428
"2015/8/18",投信,5027,4730,5177,4975,-150,-245,10015,7601,5579,6439,4436,1163
"2015/8/18",外資及陸資,166508,107943,159228,103231,7280,4712,340424,56683,356332,62103,-15908,-5420
"2015/8/19",自營商,737304,90933,776132,92937,-38828,-2004,187465,15722,286191,27982,-98726,-12260
"2015/8/19",投信,2745,1810,3037,2393,-292,-583,9306,7371,5512,6706,3794,665
"2015/8/19",外資及陸資,178806,98691,172054,91102,6752,7589,226154,42286,226284,46510,-130,-4224
"2015/8/20",自營商,501940,50663,492933,50936,9007,-273,249311,16895,338769,29255,-89458,-12361
"2015/8/20",投信,759,763,782,801,-23,-38,9377,7420,5627,6807,3750,613
"2015/8/20",外資及陸資,213972,112577,210322,104335,3650,8242,247361,50332,244551,47075,2810,3257
"2015/8/21",自營商,557743,49205,569594,55110,-11851,-5905,293857,17172,395348,34966,-101491,-17795
"2015/8/21",投信,649,657,1151,1203,-502,-546,9371,7199,6171,7160,3200,39
"2015/8/21",外資及陸資,192612,103989,203304,96780,-10692,7209,262394,56141,270509,46760,-8115,9382
"2015/8/24",自營商,954699,147020,930832,151049,23867,-4029,387659,25354,465396,45520,-77737,-20167
"2015/8/24",投信,1774,1787,1864,2119,-90,-332,9821,7209,6810,7561,3011,-351
"2015/8/24",外資及陸資,417248,208562,395934,181906,21314,26656,286330,73618,275375,40144,10955,33473
"2015/8/25",自營商,657465,77170,661375,75335,-3910,1835,407856,25616,489817,45068,-81961,-19452
"2015/8/25",投信,1295,1498,702,732,593,766,9864,7420,6335,7055,3529,365
"2015/8/25",外資及陸資,270342,130440,261913,128708,8429,1732,309172,77773,290756,40753,18416,37020
"2015/8/26",自營商,773677,68620,756720,68554,16957,66,332448,21285,361304,41053,-28856,-19768
"2015/8/26",投信,1115,1008,1217,1141,-102,-133,9498,7139,6120,6918,3378,221
"2015/8/26",外資及陸資,274946,135931,283776,139146,-8830,-3215,300578,76045,286048,41617,14530,34428
"2015/8/27",自營商,335317,51837,330565,49145,4752,2692,361395,24242,385764,41824,-24369,-17581
"2015/8/27",投信,900,599,562,441,338,158,9488,7366,5817,6926,3671,440
"2015/8/27",外資及陸資,171066,96079,182452,98179,-11386,-2100,303162,75855,300746,43446,2416,32409
"2015/8/28",自營商,434091,51599,394243,53347,39848,-1748,415313,25608,399835,45488,15478,-19881
"2015/8/28",投信,546,432,533,458,13,-26,9554,7602,5894,7183,3660,419
"2015/8/28",外資及陸資,205893,102893,206903,96852,-1010,6041,313590,80816,312558,40851,1032,39965
"2015/8/31",自營商,390371,47262,379571,43220,10800,4042,455235,31050,429708,47077,25527,-16027
"2015/8/31",投信,970,1152,976,979,-6,173,9724,8120,6058,7529,3666,591
"2015/8/31",外資及陸資,152668,78827,164526,88154,-11858,-9327,310949,75606,322683,44993,-11734,30613
"2015/9/1",自營商,456208,48125,453291,48627,2917,-502,476268,31302,447645,47393,28623,-16091
"2015/9/1",投信,717,722,1740,1279,-1023,-557,9775,8106,7150,8094,2625,12
"2015/9/1",外資及陸資,207995,108329,220516,109844,-12521,-1515,307598,70807,331714,43187,-24116,27620
"2015/9/2",自營商,658219,60890,643597,60784,14622,106,399217,30023,387323,46527,11894,-16504
"2015/9/2",投信,640,496,1324,1216,-684,-720,9686,8179,7852,8898,1834,-719
"2015/9/2",外資及陸資,215407,123788,205600,115265,9807,8523,304172,73220,316382,36438,-12210,36782
"2015/9/3",自營商,295891,35124,302944,30161,-7053,4963,419598,32669,414974,44446,4624,-11777
"2015/9/3",投信,627,614,676,750,-49,-136,9749,8246,7961,9106,1788,-860
"2015/9/3",外資及陸資,151070,88941,161703,94897,-10633,-5956,307394,72342,330405,41590,-23011,30753
"2015/9/4",自營商,372183,43088,347817,47709,24366,-4621,462558,32133,433335,48319,29223,-16185
"2015/9/4",投信,512,403,968,1068,-456,-665,9702,8002,8346,9525,1356,-1522
"2015/9/4",外資及陸資,179428,112652,184965,107673,-5537,4979,315097,73231,343319,38283,-28222,34947
"2015/9/7",自營商,366861,45122,369600,44394,-2739,728,491287,33914,465108,49539,26179,-15625
"2015/9/7",投信,611,583,890,1127,-279,-544,9637,7889,8581,9953,1056,-2064
"2015/9/7",外資及陸資,184245,102809,180116,100963,4129,1846,319335,73292,344525,36981,-25190,36311
"2015/9/8",自營商,329744,37855,333319,35756,-3575,2099,510103,36403,487654,50208,22449,-13805
"2015/9/8",投信,562,441,482,365,80,76,9602,7893,8475,9864,1127,-1971
"2015/9/8",外資及陸資,152735,80116,157608,79684,-4873,432,323303,76143,353670,39154,-30367,36989
"2015/9/9",自營商,647734,71583,634533,68701,13201,2882,427849,39877,413660,51266,14189,-11389
"2015/9/9",投信,2773,2937,1688,2256,1085,681,9411,8145,7524,9538,1887,-1393
"2015/9/9",外資及陸資,236334,121752,247167,120926,-10833,826,315371,80484,352524,40533,-37153,39951
"2015/9/10",自營商,309640,50395,341231,46294,-31591,4101,425088,38748,442544,45994,-17456,-7246
"2015/9/10",投信,1818,1908,1828,1859,-10,49,9433,8085,7559,9418,1874,-1333
"2015/9/10",外資及陸資,171377,91186,202802,109052,-31425,-17866,314838,71623,382541,50324,-67703,21299
"2015/9/11",自營商,278803,38655,264129,37040,14674,1615,449618,38668,452206,44264,-2588,-5596
"2015/9/11",投信,1910,1923,1846,1792,64,131,9559,8200,7684,9406,1875,-1205
"2015/9/11",外資及陸資,135556,79505,143658,80767,-8102,-1262,314592,69918,390053,49478,-75461,20441
"2015/9/14",自營商,346471,55320,352609,50552,-6138,4768,471793,39691,480163,40494,-8370,-802
"2015/9/14",投信,4595,5910,5163,6160,-568,-250,9301,7994,7812,9424,1489,-1430
"2015/9/14",外資及陸資,180839,117742,183448,121225,-2609,-3483,330769,83987,408639,67024,-77870,16963
"2015/9/15",自營商,345862,49334,328664,53881,17198,-4547,482399,36696,473574,41960,8825,-5264
"2015/9/15",投信,5289,5503,5629,6017,-340,-514,9389,7799,8226,9753,1163,-1955
"2015/9/15",外資及陸資,181147,123761,177647,125670,3500,-1909,337106,85167,410993,70420,-73887,14747
"2015/9/16",自營商,468963,62533,434310,63689,34653,-1156,193832,16210,171603,23984,22229,-7774
"2015/9/16",投信,3244,2539,3013,2413,231,126,9023,7845,7135,9633,1888,-1788
"2015/9/16",外資及陸資,163841,87706,138101,73443,25740,14263,177188,60864,142884,32308,34304,28556
"2015/9/17",自營商,290632,40673,285189,43220,5443,-2547,243957,17273,216315,27730,27642,-10456
"2015/9/17",投信,829,833,552,629,277,204,9324,8343,7228,9996,2096,-1653
"2015/9/17",外資及陸資,157769,88469,148642,83118,9127,5351,196056,65270,153024,30460,43032,34810
"2015/9/18",自營商,238109,31176,251748,28407,-13639,2769,251976,19162,238001,26931,13975,-7769
"2015/9/18",投信,525,442,879,838,-354,-396,9478,8406,7712,10445,1766,-2040
"2015/9/18",外資及陸資,117603,74927,131760,80409,-14157,-5482,194023,61426,164650,32034,29373,29392
"2015/9/21",自營商,336956,38990,340171,40482,-3215,-1492,286455,18752,275109,27846,11346,-9094
"2015/9/21",投信,462,469,898,1141,-436,-672,9433,8107,8058,10758,1375,-2651
"2015/9/21",外資及陸資,145315,74024,154949,77379,-9634,-3355,199849,60135,179267,34830,20582,25305
"2015/9/22",自營商,227465,26085,215306,24577,12159,1508,308795,20218,285447,27945,23348,-7727
"2015/9/22",投信,590,761,446,600,144,161,9665,8554,8206,11066,1459,-2512
"2015/9/22",外資及陸資,98470,58466,94811,51990,3659,6476,207656,63093,183657,30870,23999,32223
"2015/9/23",自營商,486715,44192,504889,48169,-18174,-3977,262113,17375,243231,29115,18882,-11739
"2015/9/23",投信,441,386,1117,1390,-676,-1004,9487,8193,8668,11640,819,-3447
"2015/9/23",外資及陸資,125131,60819,131821,63831,-6690,-3012,205979,61737,176386,33195,29593,28541
"2015/9/24",自營商,356276,43509,360830,43526,-4554,-17,303730,18109,289257,29464,14473,-11355
"2015/9/24",投信,512,548,1096,1376,-584,-828,9368,7900,9040,12148,328,-4248
"2015/9/24",外資及陸資,164547,90913,172111,88299,-7564,2614,215980,62298,193571,31271,22409,31027
"2015/9/25",自營商,325281,39968,322369,38548,2912,1420,330936,19665,313718,29745,17218,-10081
"2015/9/25",投信,599,450,1206,1544,-607,-1094,9316,7749,9646,13114,-330,-5366
"2015/9/25",外資及陸資,172292,101579,179990,98849,-7698,2730,219697,62788,205139,28797,14558,33991
"2015/9/30",自營商,489184,52489,481993,52241,7191,248,285973,19742,281892,29771,4081,-10030
"2015/9/30",投信,741,668,728,868,13,-200,9231,7753,9730,13338,-499,-5584
"2015/9/30",外資及陸資,176703,94184,180621,90741,-3918,3443,221889,67449,202080,29920,19809,37529
"2015/10/1",自營商,404438,53429,396842,50928,7596,2501,324371,24235,312783,32145,11588,-7909
"2015/10/1",投信,1150,1298,566,721,584,577,9323,8006,9403,13131,-80,-5125
"2015/10/1",外資及陸資,186318,98294,189514,97276,-3196,1018,230957,69097,215187,29563,15770,39534
"2015/10/2",自營商,218542,24712,217379,26331,1163,-1619,331885,22969,319044,32451,12841,-9482
"2015/10/2",投信,465,541,656,866,-191,-325,9253,7788,9503,13219,-250,-5431
"2015/10/2",外資及陸資,98047,61573,109184,66903,-11137,-5330,229284,63570,224132,29604,5152,33966
"2015/10/5",自營商,313997,33034,302164,29190,11833,3844,349002,26085,323770,31896,25232,-5811
"2015/10/5",投信,685,661,731,755,-46,-94,9231,7750,9551,13305,-320,-5556
"2015/10/5",外資及陸資,139309,82933,146442,85224,-7133,-2291,232360,61589,233796,29851,-1436,31737
"2015/10/6",自營商,414254,44088,384586,43968,29668,120,391224,25971,335003,31756,56221,-5785
"2015/10/6",投信,491,503,568,650,-77,-147,9257,7802,9609,13526,-352,-5725
"2015/10/6",外資及陸資,156339,88562,164174,87138,-7835,1424,237887,63056,246888,29542,-9001,33514
"2015/10/7",自營商,471431,45320,447649,44173,23782,1147,329431,27114,292488,31940,36943,-4826
"2015/10/7",投信,713,666,557,529,156,137,9301,8182,9727,13840,-426,-5657
"2015/10/7",外資及陸資,139897,84129,139092,75881,805,8248,238281,71100,236880,28380,1401,42720
"2015/10/8",自營商,378167,39045,383472,41552,-5305,-2507,350577,24706,318715,31989,31862,-7284
"2015/10/8",投信,681,666,845,962,-164,-296,9527,8288,10039,14229,-512,-5941
"2015/10/8",外資及陸資,154792,86973,169774,89486,-14982,-2513,240154,67678,252898,27919,-12744,39759
"2015/10/12",自營商,429222,45780,399317,44448,29905,1332,398232,29622,336579,35662,61653,-6040
"2015/10/12",投信,582,492,811,1088,-229,-596,9525,8253,10311,14847,-786,-6595
"2015/10/12",外資及陸資,145975,78025,143672,74764,2303,3261,251958,72849,262586,28570,-10628,44279
"2015/10/13",自營商,293438,33782,307291,34099,-13853,-317,403801,29142,355975,35690,47826,-6548
"2015/10/13",投信,676,496,756,577,-80,-81,9671,8402,10522,15084,-851,-6682
"2015/10/13",外資及陸資,98679,58841,107170,62174,-8491,-3333,246767,69389,265400,28413,-18633,40976
"2015/10/14",自營商,383098,37539,378649,39503,4449,-1964,355659,25455,308414,34088,47245,-8634
"2015/10/14",投信,696,485,937,785,-241,-300,9458,8295,10583,15252,-1125,-6957
"2015/10/14",外資及陸資,114000,71304,116169,71735,-2169,-431,238404,69298,252679,29168,-14275,40130
"2015/10/15",自營商,411034,56396,392354,57931,18680,-1535,387789,25472,321316,35734,66473,-10262
"2015/10/15",投信,2378,3317,2245,3173,133,144,9554,8432,10570,15314,-1016,-6882
"2015/10/15",外資及陸資,157993,88270,153667,86645,4326,1625,254731,74950,264641,32547,-9910,42402
"2015/10/16",自營商,248117,37690,261385,35255,-13268,2435,394198,26586,340454,34474,53744,-7888
"2015/10/16",投信,2634,3645,2739,3785,-105,-140,9545,8297,10654,15313,-1109,-7015
"2015/10/16",外資及陸資,97607,57975,99949,63675,-2342,-5700,257086,71258,269302,34688,-12216,36570
"2015/10/19",自營商,295679,50476,308091,46534,-12412,3942,419392,29405,377253,33208,42139,-3803
"2015/10/19",投信,4214,5926,4271,6052,-57,-126,9640,8385,10800,15548,-1160,-7164
"2015/10/19",外資及陸資,126729,91949,125373,92080,1356,-131,264063,78776,274778,41935,-10715,36841
"2015/10/20",自營商,247460,36873,226317,37905,21143,-1032,428978,27607,365363,32580,63615,-4973
"2015/10/20",投信,7664,10427,8674,11184,-1010,-757,8967,8129,11098,16082,-2131,-7953
"2015/10/20",外資及陸資,103150,81532,96967,80572,6183,960,274404,84922,279038,46921,-4634,38001
"2015/10/21",自營商,419169,61414,423277,69605,-4108,-8191,140299,11661,160755,22389,-20456,-10728
"2015/10/21",投信,2041,889,2161,1476,-120,-587,8515,8029,10769,16505,-2254,-8475
"2015/10/21",外資及陸資,95204,57369,96434,62366,-1230,-4997,190982,65028,145717,30950,45265,34078
"2015/10/22",自營商,184687,25643,178066,26927,6621,-1284,173533,12437,187812,24555,-14279,-12118
"2015/10/22",投信,441,400,526,616,-85,-216,8651,8101,11014,16769,-2363,-8668
"2015/10/22",外資及陸資,92259,59584,84213,49681,8046,9903,200374,70508,147501,26603,52873,43906
"2015/10/23",自營商,294796,35470,295954,33253,-1158,2217,198131,14980,213567,25153,-15436,-10174
"2015/10/23",投信,589,625,1910,3022,-1321,-2397,7350,5786,11040,16954,-3690,-11168
"2015/10/23",外資及陸資,96170,55406,103138,59449,-6968,-4043,201765,68957,155576,28395,46189,40562
"2015/10/26",自營商,205235,26250,204772,23874,463,2376,214204,16450,229030,24386,-14826,-7936
"2015/10/26",投信,430,568,257,298,173,270,7452,5889,10945,16840,-3493,-10951
"2015/10/26",外資及陸資,78981,45029,78366,43380,615,1649,210906,72030,163777,29252,47129,42777
"2015/10/27",自營商,288870,33613,302784,33235,-13914,378,232765,18128,261347,25724,-28582,-7597
"2015/10/27",投信,380,354,478,574,-98,-220,7501,5869,11092,16988,-3591,-11119
"2015/10/27",外資及陸資,88757,53173,95902,58187,-7145,-5014,215723,70083,175296,32542,40427,37541
"2015/10/28",自營商,407791,40274,412413,41566,-4622,-1292,185291,17170,227776,25981,-42485,-8812
"2015/10/28",投信,500,533,697,787,-197,-254,7155,5613,11028,16919,-3873,-11306
"2015/10/28",外資及陸資,102721,58976,109021,64285,-6300,-5309,214636,65274,169912,33410,44724,31865
"2015/10/29",自營商,359967,43746,363724,42914,-3757,832,217238,19236,263428,27090,-46190,-7854
"2015/10/29",投信,456,481,628,767,-172,-286,7179,5608,11221,17074,-4042,-11465
"2015/10/29",外資及陸資,130399,77270,137892,76443,-7493,827,226971,68005,189448,35749,37523,32256
"2015/10/30",自營商,411577,44821,414185,46096,-2608,-1275,224502,17036,273982,26169,-49480,-9133
"2015/10/30",投信,560,558,687,862,-127,-304,7175,5517,11353,17320,-4178,-11802
"2015/10/30",外資及陸資,150192,90444,152678,85319,-2486,5125,236331,72870,201540,35110,34791,37761
"2015/11/2",自營商,289097,34320,288405,32614,692,1706,246789,18849,295976,26421,-49187,-7572
"2015/11/2",投信,300,319,607,445,-307,-126,7246,5551,11746,17512,-4500,-11960
"2015/11/2",外資及陸資,116023,67734,113471,65991,2552,1743,239704,74371,202887,34952,36817,39419
"2015/11/3",自營商,397652,45092,371933,45640,25719,-548,281622,19847,305358,28227,-23736,-8380
"2015/11/3",投信,592,770,336,392,256,378,7330,5745,11616,17516,-4286,-11771
"2015/11/3",外資及陸資,121890,72592,121802,65501,88,7091,245501,79209,209164,31897,36337,47312
"2015/11/4",自營商,677353,65304,669304,60729,8049,4575,235796,23578,266012,27689,-30216,-4112
"2015/11/4",投信,1095,834,607,754,488,80,7279,5853,11230,17751,-3951,-11899
"2015/11/4",外資及陸資,187803,100343,200043,105452,-12240,-5109,239804,80627,211262,37041,28542,43586
"2015/11/5",自營商,283056,29452,300597,29732,-17541,-280,258300,22489,305778,26910,-47478,-4421
"2015/11/5",投信,401,487,494,644,-93,-157,7352,5883,11366,17915,-4014,-12032
"2015/11/5",外資及陸資,99333,61289,109368,66708,-10035,-5419,239844,76171,221025,38110,18819,38061
"2015/11/6",自營商,660445,66053,675197,67494,-14752,-1441,314715,25315,376514,31202,-61799,-5886
"2015/11/6",投信,480,554,1206,1544,-726,-990,7175,5475,11801,18227,-4626,-12752
"2015/11/6",外資及陸資,202642,112953,207499,123647,-4857,-10694,248323,70700,233093,44017,15230,26683
"2015/11/9",自營商,621108,57708,637054,57145,-15946,563,325002,26948,402914,32189,-77912,-5241
"2015/11/9",投信,552,572,777,1126,-225,-554,7090,5243,12025,18451,-4935,-13208
"2015/11/9",外資及陸資,211884,104717,209112,103574,2772,1143,251775,69548,234310,42231,17465,27317
"2015/11/10",自營商,487878,46974,513861,47189,-25983,-215,350073,30471,454170,35939,-104097,-5468
"2015/11/10",投信,660,468,1183,1294,-523,-826,6951,4929,12409,18813,-5458,-13883
"2015/11/10",外資及陸資,163219,79547,159395,82212,3824,-2665,258266,65510,237098,41436,21168,24074
"2015/11/11",自營商,739830,70657,786681,69670,-46851,987,267000,31171,359398,35449,-92398,-4278
"2015/11/11",投信,889,692,1342,1290,-453,-598,6771,4766,12660,18984,-5889,-14218
"2015/11/11",外資及陸資,203817,103982,212989,106695,-9172,-2713,258695,65234,244024,44694,14671,20541
"2015/11/12",自營商,374247,48920,395130,44548,-20883,4372,269006,32511,382354,32231,-113348,281
"2015/11/12",投信,2981,4073,3083,4363,-102,-290,6833,4720,12830,19376,-5997,-14656
"2015/11/12",外資及陸資,163735,94225,161334,88699,2401,5526,264508,67521,247923,41055,16585,26466
"2015/11/13",自營商,471232,59668,481482,65390,-10250,-5722,275027,30412,398341,35781,-123314,-5369
"2015/11/13",投信,3528,5048,3603,5086,-75,-38,6735,4612,12906,19134,-6171,-14522
"2015/11/13",外資及陸資,204360,114232,213274,117718,-8914,-3486,270236,68355,262565,45940,7671,22415
"2015/11/16",自營商,422790,55814,452927,54429,-30137,1385,266982,33517,420619,37446,-153637,-3929
"2015/11/16",投信,4642,6966,4885,6963,-243,3,6797,4600,13190,18997,-6393,-14397
"2015/11/16",外資及陸資,197196,108809,186700,102865,10496,5944,277095,71023,258911,42251,18184,28771
"2015/11/17",自營商,564928,78832,529453,76677,35475,2155,290615,32303,408868,34162,-118253,-1859
"2015/11/17",投信,6497,7499,6090,6805,407,694,6895,4727,12926,18696,-6031,-13969
"2015/11/17",外資及陸資,217486,120959,219020,118612,-1534,2347,281746,80522,265892,49407,15854,31115
"2015/11/18",自營商,516413,68987,533760,71838,-17347,-2851,137095,11959,173865,19148,-36770,-7189
"2015/11/18",投信,2316,1508,2383,1750,-67,-242,6585,4616,12573,18543,-5988,-13926
"2015/11/18",外資及陸資,146561,78284,154469,85622,-7908,-7338,208195,59439,177555,32606,30640,26834
"2015/11/19",自營商,369345,47588,363666,43429,5679,4159,176434,15673,207196,18841,-30762,-3168
"2015/11/19",投信,1118,1406,454,485,664,921,6960,5110,12278,18385,-5318,-13275
"2015/11/19",外資及陸資,158588,94201,156369,87847,2219,6354,214553,62542,182776,28558,31777,33984
"2015/11/20",自營商,300656,34551,306418,34782,-5762,-231,197106,16539,233540,19933,-36434,-3395
"2015/11/20",投信,441,417,341,304,100,113,6973,5171,12287,18327,-5314,-13157
"2015/11/20",外資及陸資,112873,60396,114918,64612,-2045,-4216,219238,60568,189094,30818,30144,29750
"2015/11/23",自營商,312317,37351,311950,35469,367,1882,227518,19316,263348,20852,-35830,-1536
"2015/11/23",投信,543,610,449,501,94,109,7061,5242,12277,18352,-5216,-13109
"2015/11/23",外資及陸資,126833,70991,125968,69686,865,1305,225915,63541,195345,33146,30570,30395
"2015/11/24",自營商,463065,51210,453970,56722,9095,-5512,258292,18720,284888,25573,-26596,-6853
"2015/11/24",投信,585,475,739,875,-154,-400,7087,5147,12472,18529,-5385,-13382
"2015/11/24",外資及陸資,174219,84931,170220,83596,3999,1335,235142,63950,200303,32543,34839,31407
"2015/11/25",自營商,478135,45404,489755,44865,-11620,539,203550,16479,230167,22822,-26617,-6343
"2015/11/25",投信,373,235,527,552,-154,-317,6810,4982,12527,18651,-5717,-13670
"2015/11/25",外資及陸資,140235,77480,144605,75417,-4370,2063,233129,63813,200070,30210,33059,33603
"2015/11/26",自營商,317875,41530,316093,40492,1782,1038,234387,18842,259247,24194,-24860,-5352
"2015/11/26",投信,1104,1074,461,445,643,629,6879,4989,11962,18228,-5083,-13239
"2015/11/26",外資及陸資,137709,81362,133555,73265,4154,8097,243225,67652,206761,25476,36464,42176
"2015/11/27",自營商,306959,37645,328608,41198,-21649,-3553,251885,17003,298632,25816,-46747,-8813
"2015/11/27",投信,731,931,784,913,-53,18,7177,5368,12328,18439,-5151,-13071
"2015/11/27",外資及陸資,119359,72281,136301,80366,-16942,-8085,241903,63125,222198,30541,19705,32584
"2015/11/30",自營商,485995,61008,512785,56751,-26790,4257,276279,23940,349938,28589,-73659,-4648
"2015/11/30",投信,702,650,857,1105,-155,-455,7258,5231,12477,18610,-5219,-13379
"2015/11/30",外資及陸資,221019,96555,214977,105373,6042,-8818,253909,61031,227493,36747,26416,24284
"2015/12/1",自營商,449969,52941,428879,52959,21090,-18,305798,24274,358500,29116,-52702,-4842
"2015/12/1",投信,1063,1297,625,769,438,528,7332,5265,12197,18374,-4865,-13109
"2015/12/1",外資及陸資,168163,98022,159513,83219,8650,14803,258804,69468,224859,29753,33945,39714
"2015/12/2",自營商,474547,49953,478376,49655,-3829,298,232747,22540,288079,27313,-55332,-4773
"2015/12/2",投信,674,706,599,621,75,85,7157,5227,12178,18231,-5021,-13004
"2015/12/2",外資及陸資,162716,82104,163765,83780,-1049,-1676,259183,69382,218684,31430,40499,37952
"2015/12/3",自營商,330676,44871,332865,44174,-2189,697,267977,23669,325261,27756,-57284,-4087
"2015/12/3",投信,855,943,731,802,124,141,7360,5326,12272,18218,-4912,-12891
"2015/12/3",外資及陸資,136587,80335,138354,78784,-1767,1551,265245,72685,226368,33124,38877,39561
"2015/12/4",自營商,321914,43263,344914,43737,-23000,-474,274595,23544,354756,28042,-80161,-4498
"2015/12/4",投信,645,699,808,954,-163,-255,7394,5186,12493,18219,-5099,-13033
"2015/12/4",外資及陸資,138614,81308,153391,86992,-14777,-5684,266546,69169,241290,34438,25256,34731
"2015/12/7",自營商,380784,50235,354567,50990,26217,-755,287977,23430,342202,28688,-54225,-5259
"2015/12/7",投信,934,1228,638,770,296,458,7601,5331,12380,18030,-4779,-12699
"2015/12/7",外資及陸資,152277,87946,152716,87855,-439,91,273197,71090,247768,36002,25429,35088
"2015/12/8",自營商,419197,55623,444356,56949,-25159,-1326,292244,24122,371647,30586,-79403,-6464
"2015/12/8",投信,717,820,1212,1509,-495,-689,7732,5238,12994,18417,-5262,-13179
"2015/12/8",外資及陸資,130158,74040,153019,88620,-22861,-14580,273789,65067,270033,45076,3756,19990
"2015/12/9",自營商,570254,58867,593220,59242,-22966,-375,247232,23594,333200,30054,-85968,-6460
"2015/12/9",投信,798,848,1137,1348,-339,-500,7607,5099,13218,18591,-5611,-13492
"2015/12/9",外資及陸資,161508,86003,164949,89996,-3441,-3993,267324,61508,268660,45123,-1336,16385
"2015/12/10",自營商,425282,55912,445731,53200,-20449,2712,265497,25244,372426,29048,-106929,-3804
"2015/12/10",投信,2585,3879,2199,3361,386,518,8026,5618,13206,18543,-5180,-12925
"2015/12/10",外資及陸資,171144,99061,172296,98822,-1152,239,276604,66514,278171,49174,-1567,17340
"2015/12/11",自營商,383119,49949,382417,52361,702,-2412,273675,26040,380412,32156,-106737,-6116
"2015/12/11",投信,3675,4374,3940,4836,-265,-462,7914,5323,13422,18515,-5508,-13192
"2015/12/11",外資及陸資,174234,100467,176800,94156,-2566,6311,289409,72896,293641,49864,-4232,23033
"2015/12/14",自營商,397154,52955,396722,56186,432,-3231,293799,23655,400008,33044,-106209,-9389
"2015/12/14",投信,6293,7923,6156,7585,137,338,7934,5277,13344,18097,-5410,-12820
"2015/12/14",外資及陸資,192555,113389,180004,105061,12551,8328,297365,74750,288933,41935,8432,32815
"2015/12/15",自營商,336413,49919,336356,48393,57,1526,301757,24785,408056,32497,-106299,-7711
"2015/12/15",投信,9524,9516,9158,8782,366,734,8021,5426,13095,17516,-5074,-12091
"2015/12/15",外資及陸資,174501,115944,174759,119888,-258,-3944,303465,81598,295574,53009,7891,28589
"2015/12/16",自營商,503599,67189,482594,65558,21005,1631,126091,15640,150092,20990,-24001,-5350
"2015/12/16",投信,1810,1913,1340,1278,470,635,7782,5517,12681,17336,-4899,-11819
"2015/12/16",外資及陸資,161193,81591,153854,79363,7339,2228,152979,60967,116175,28495,36804,32472
"2015/12/17",自營商,265083,39111,271270,36741,-6187,2370,162830,18751,192909,21798,-30079,-3048
"2015/12/17",投信,1365,1668,844,724,521,944,8443,6332,12821,17362,-4378,-11030
"2015/12/17",外資及陸資,138804,78636,135674,77757,3130,879,160396,61039,120745,26925,39651,34114
"2015/12/18",自營商,292313,35456,306535,36568,-14222,-1112,187883,19682,232269,23878,-44386,-4196
"2015/12/18",投信,497,557,584,464,-87,93,8462,6411,13005,17275,-4543,-10864
"2015/12/18",外資及陸資,142698,82747,139972,86561,2726,-3814,173377,58834,130880,28393,42497,30441
"2015/12/21",自營商,336802,40764,337289,38872,-487,1892,208527,21028,253428,23458,-44901,-2430
"2015/12/21",投信,524,408,498,590,26,-182,8602,6412,13002,17516,-4400,-11104
"2015/12/21",外資及陸資,133850,76724,132892,75010,958,1714,178922,62814,135384,29284,43538,33530
"2015/12/22",自營商,289603,31436,291429,30799,-1826,637,229271,22907,276067,24585,-46796,-1678
"2015/12/22",投信,553,586,380,439,173,147,8583,6400,12936,17350,-4353,-10950
"2015/12/22",外資及陸資,112500,64998,115345,67028,-2845,-2030,179970,61129,138681,29641,41289,31488
"2015/12/23",自營商,452356,41186,417611,43847,34745,-2661,178821,20760,207828,25124,-29007,-4364
"2015/12/23",投信,630,733,465,464,165,269,8377,6389,12651,17091,-4274,-10702
"2015/12/23",外資及陸資,132244,72287,127484,66146,4760,6141,184892,65028,132029,27460,52863,37569
"2015/12/24",自營商,271281,29400,265755,31955,5526,-2555,209616,20419,233130,27400,-23514,-6982
"2015/12/24",投信,489,548,505,575,-16,-27,8448,6415,12729,17182,-4281,-10767
"2015/12/24",外資及陸資,109832,59570,106948,55478,2884,4092,193571,67032,138182,26044,55389,40988
"2015/12/25",自營商,174078,17002,172583,16129,1495,873,222736,21107,244706,27276,-21970,-6169
"2015/12/25",投信,381,413,164,140,217,273,8556,6475,12593,17045,-4037,-10570
"2015/12/25",外資及陸資,60419,33753,56632,29761,3787,3992,196881,68873,137807,23570,59074,45303
"2015/12/28",自營商,176977,16081,180868,18771,-3891,-2690,230643,19835,256605,28631,-25962,-8796
"2015/12/28",投信,241,332,289,257,-48,75,8584,6519,12693,17003,-4109,-10483
"2015/12/28",外資及陸資,71114,40486,74636,42088,-3522,-1602,196814,66981,141037,23379,55777,43602
"2015/12/29",自營商,279188,31910,293383,31562,-14195,348,238753,21667,278849,30021,-40096,-8354
"2015/12/29",投信,377,462,641,804,-264,-342,8544,6392,12824,17131,-4280,-10738
"2015/12/29",外資及陸資,102909,56363,110615,66492,-7706,-10129,195587,61441,147022,28437,48565,33004
"2015/12/30",自營商,353522,31585,351143,31966,2379,-381,197469,20831,238883,29478,-41414,-8647
"2015/12/30",投信,485,478,757,814,-272,-336,8296,6265,12860,17302,-4564,-11036
"2015/12/30",外資及陸資,112695,59312,117691,63945,-4996,-4633,195686,58402,148137,31391,47549,27012
"2015/12/31",自營商,239623,26783,220511,28836,19112,-2053,238476,19575,260881,30347,-22405,-10772
"2015/12/31",投信,560,586,693,878,-133,-292,8120,5859,12754,17212,-4634,-11353
"2015/12/31",外資及陸資,91365,52362,88444,44711,2921,7651,206567,63361,156478,28636,50089,34725
"2016/1/4",自營商,590081,64448,599640,62950,-9559,1498,256038,23807,288033,32579,-31995,-8772
"2016/1/4",投信,1203,1618,1617,2289,-414,-671,8183,5745,13266,17503,-5083,-11758
"2016/1/4",外資及陸資,201084,117051,217582,121291,-16498,-4240,209657,66716,175376,37031,34281,29685
"2016/1/5",自營商,435927,47372,439597,51804,-3670,-4432,286583,22472,322266,35633,-35683,-13160
"2016/1/5",投信,1231,1744,1806,2497,-575,-753,7958,5308,13559,17741,-5601,-12433
"2016/1/5",外資及陸資,181919,111811,180901,103617,1018,8194,212347,68020,176812,30235,35535,37785
"2016/1/6",自營商,696231,72366,705522,70196,-9291,2170,248206,22760,281986,33381,-33780,-10621
"2016/1/6",投信,1428,1868,2125,2660,-697,-792,7525,5028,13799,18172,-6274,-13143
"2016/1/6",外資及陸資,239348,118544,242793,122873,-3445,-4329,216022,66713,173622,33647,42400,33065
"2016/1/7",自營商,615568,75720,617359,74875,-1791,845,283917,23995,319404,33386,-35487,-9390
"2016/1/7",投信,1504,1672,1393,1499,111,173,7888,5421,14015,18134,-6127,-12713
"2016/1/7",外資及陸資,285547,144684,299799,148201,-14252,-3517,223989,64650,195804,36048,28185,28602
"2016/1/8",自營商,473529,55890,471605,54181,1924,1709,308073,25939,342216,33606,-34143,-7667
"2016/1/8",投信,1363,1771,561,543,802,1228,8032,5774,13435,17342,-5403,-11569
"2016/1/8",外資及陸資,218170,114486,219355,116104,-1185,-1618,248267,65603,221799,38935,26468,26668
"2016/1/11",自營商,555843,62209,555458,63703,385,-1494,322461,25306,356196,34279,-33735,-8974
"2016/1/11",投信,602,672,444,500,158,172,8103,5750,13381,16969,-5278,-11219
"2016/1/11",外資及陸資,229999,109121,225046,104166,4953,4955,240376,69813,209910,39512,30466,30300
"2016/1/12",自營商,483324,53287,464971,55639,18353,-2352,365012,25754,380545,37116,-15533,-11362
"2016/1/12",投信,880,1043,1141,1075,-261,-32,7995,5603,13582,16802,-5587,-11199
"2016/1/12",外資及陸資,186749,99417,175291,97189,11458,2228,257112,73129,215274,40757,41838,32371
"2016/1/13",自營商,611196,64404,591657,62596,19539,1808,327235,26900,325960,36581,1275,-9681
"2016/1/13",投信,998,1210,878,735,120,475,7974,5747,13431,16623,-5457,-10876
"2016/1/13",外資及陸資,231172,105595,223945,101159,7227,4436,267845,76465,209871,39306,57974,37159
"2016/1/14",自營商,485900,54605,492975,59498,-7075,-4893,390987,25927,398098,40619,-7111,-14691
"2016/1/14",投信,1746,2333,2006,2890,-260,-557,8061,5666,13790,16968,-5729,-11302
"2016/1/14",外資及陸資,219819,99358,209222,98515,10597,843,286121,79072,218406,41801,67715,37271
"2016/1/15",自營商,515137,62326,517936,57577,-2799,4749,402172,27967,412203,37956,-10031,-9989
"2016/1/15",投信,4756,4981,4628,4805,128,176,8107,5709,13816,16769,-5709,-11060
"2016/1/15",外資及陸資,270970,115486,267625,116811,3345,-1325,304987,78996,233691,42986,71296,36010
"2016/1/18",自營商,710835,93366,728484,88646,-17649,4720,395782,30414,424865,35699,-29083,-5285
"2016/1/18",投信,6326,6571,5936,6090,390,481,8282,5896,13607,16691,-5325,-10795
"2016/1/18",外資及陸資,328001,178880,330935,176095,-2934,2785,308931,86955,241093,46619,67838,40336
"2016/1/19",自營商,410600,65453,433793,59833,-23193,5620,391573,34713,444439,34632,-52866,81
"2016/1/19",投信,6685,6327,6374,5701,311,626,8599,6312,13734,16549,-5135,-10237
"2016/1/19",外資及陸資,222352,130158,244771,143382,-22419,-13224,305770,85300,260402,58299,45368,27001
"2016/1/20",自營商,672312,97291,666500,100438,5812,-3147,178867,17176,173438,22338,5429,-5162
"2016/1/20",投信,2316,1620,2533,1847,-217,-227,8503,6227,13762,16321,-5259,-10094
"2016/1/20",外資及陸資,213024,128523,218984,130065,-5960,-1542,177606,61635,150641,37876,26965,23759
"2016/1/21",自營商,391259,50918,372293,51294,18966,-376,247886,18419,223695,23993,24191,-5574
"2016/1/21",投信,845,915,933,1050,-88,-135,8519,6169,13815,16430,-5296,-10261
"2016/1/21",外資及陸資,227510,122770,227297,113762,213,9008,194163,67440,166873,33311,27290,34129
"2016/1/22",自營商,348824,43306,364941,42059,-16117,1247,271594,20176,263420,24719,8174,-4542
"2016/1/22",投信,931,1008,626,670,305,338,8581,6260,13521,16366,-4940,-10106
"2016/1/22",外資及陸資,199876,104519,199439,102121,437,2398,206316,72407,179048,35327,27268,37080
"2016/1/25",自營商,358253,43347,345027,41703,13226,1644,296323,21501,274540,24469,21783,-2967
"2016/1/25",投信,1043,1349,623,659,420,690,8504,6223,13060,15751,-4556,-9528
"2016/1/25",外資及陸資,199752,86891,191287,86746,8465,145,225426,74298,189777,36582,35649,37715
"2016/1/26",自營商,290960,38719,317522,37394,-26562,1325,292707,23096,297571,24743,-4864,-1648
"2016/1/26",投信,589,674,876,1074,-287,-400,8614,6258,13427,16130,-4813,-9872
"2016/1/26",外資及陸資,158891,83068,164842,83783,-5951,-715,227087,71893,197398,35112,29689,36782
"2016/1/27",自營商,376693,36452,350536,39212,26157,-2760,243160,22372,220193,26821,22967,-4449
"2016/1/27",投信,753,761,562,635,191,126,8568,6239,13245,16066,-4677,-9827
"2016/1/27",外資及陸資,158026,88163,159194,83254,-1168,4909,219006,76871,184751,34828,34255,42042
"2016/1/28",自營商,296715,42316,324587,41006,-27872,1310,256001,22758,261078,25860,-5077,-3102
"2016/1/28",投信,824,896,542,599,282,297,8604,6252,13092,15812,-4488,-9559
"2016/1/28",外資及陸資,168403,93830,169476,87596,-1073,6234,228299,82142,194702,33560,33597,48581
"2016/1/29",自營商,531355,73882,521187,73425,10168,457,289580,24304,285006,26760,4574,-2456
"2016/1/29",投信,1336,1608,716,942,620,666,8957,6736,12906,15866,-3949,-9130
"2016/1/29",外資及陸資,282364,147987,279590,146653,2774,1334,247463,87996,211355,36626,36108,51371
"2016/1/30",自營商,288868,29239,273286,32920,15582,-3681,325658,25061,305517,31238,20141,-6177
"2016/1/30",投信,1851,2867,1475,2231,376,636,8744,6785,12497,15404,-3753,-8619
"2016/1/30",外資及陸資,42716,9987,41261,11510,1455,-1523,248486,88389,211033,37793,37453,50596
"2016/2/1",自營商,360038,51894,375276,47145,-15238,4749,342510,27225,337579,28612,4931,-1387
"2016/2/1",投信,1821,2587,1947,2655,-126,-68,8659,6672,12526,15327,-3867,-8655
"2016/2/1",外資及陸資,175707,92602,192212,103955,-16505,-11353,239243,79216,218259,40246,20984,38970
"2016/2/2",自營商,308872,38331,296250,39483,12622,-1152,360910,26223,343789,28855,17121,-2632
"2016/2/2",投信,985,1341,3320,1434,-2335,-93,8599,6548,14771,15266,-6172,-8718
"2016/2/2",外資及陸資,150465,84552,155474,84165,-5009,387,241701,78146,225472,38818,16229,39327
"2016/2/3",自營商,481788,49701,484455,50173,-2667,-472,266222,21922,272194,24963,-5972,-3040
"2016/2/3",投信,1465,2208,3535,3092,-2070,-884,8150,5987,16454,15512,-8304,-9526
"2016/2/3",外資及陸資,206799,105031,217221,104128,-10422,903,242715,78806,229754,39686,12961,39121
"2016/2/15",自營商,459003,55175,465610,54435,-6607,740,251784,23006,268076,25312,-16292,-2307
"2016/2/15",投信,7508,7538,7988,8374,-480,-836,7988,5715,16758,16083,-8770,-10369
"2016/2/15",外資及陸資,195190,123937,184530,117715,10660,6222,252319,89966,233363,44587,18956,45378
"2016/2/16",自營商,445049,74074,416906,75106,28143,-1032,306802,28271,294842,31567,11960,-3296
"2016/2/16",投信,7930,7238,7746,7350,184,-112,8410,6059,17050,16784,-8640,-10725
"2016/2/16",外資及陸資,227888,140683,219180,136049,8708,4634,266190,97623,238883,46378,27307,51245
"2016/2/17",自營商,399944,58269,398274,56241,1670,2028,160432,14487,149695,21649,10737,-7161
"2016/2/17",投信,3033,2387,3392,3075,-359,-688,8087,6278,13734,17633,-5647,-11355
"2016/2/17",外資及陸資,158210,90585,156082,92349,2128,-1764,178507,77844,110321,25343,68186,52501
"2016/2/18",自營商,283153,40397,282013,39421,1140,976,206965,16960,195173,23268,11792,-6308
"2016/2/18",投信,775,796,1194,1182,-419,-386,8205,6550,14238,18423,-6033,-11874
"2016/2/18",外資及陸資,143468,77443,149062,78526,-5594,-1083,183297,78014,120902,25964,62395,52050
"2016/2/19",自營商,207659,25397,212501,26149,-4842,-752,236342,17711,229323,24779,7019,-7068
"2016/2/19",投信,596,461,967,1034,-371,-573,8280,6397,14498,18877,-6218,-12480
"2016/2/19",外資及陸資,106913,61125,107623,55661,-710,5464,200797,82432,139248,24730,61549,57702
"2016/2/22",自營商,319477,49747,338908,45712,-19431,4035,243477,19875,255951,23018,-12474,-3143
"2016/2/22",投信,1050,966,1233,1372,-183,-406,8138,6457,14653,19326,-6515,-12868
"2016/2/22",外資及陸資,160055,85131,167274,93203,-7219,-8072,200913,75793,146341,26302,54572,49491
"2016/2/23",自營商,256053,30142,237019,28752,19034,1390,268264,22469,261692,24172,6572,-1703
"2016/2/23",投信,663,502,1409,738,-746,-236,8359,6546,15614,19687,-7255,-13141
"2016/2/23",外資及陸資,115494,72562,116093,67576,-599,4986,208466,81361,154597,26765,53869,54596
"2016/2/24",自營商,451209,57420,444869,63024,6340,-5604,220500,19190,199894,26502,20606,-7312
"2016/2/24",投信,1272,1380,2478,2543,-1206,-1163,8426,6724,16941,20911,-8515,-14186
"2016/2/24",外資及陸資,183023,100632,193328,98724,-10305,1908,209951,81803,165937,25707,44014,56096
"2016/2/25",自營商,311163,42822,280113,45816,31050,-2994,274735,19443,223633,29698,51102,-10255
"2016/2/25",投信,1032,684,784,867,248,-183,8754,6702,16520,21245,-7766,-14543
"2016/2/25",外資及陸資,162662,97688,160171,86980,2491,10708,222571,91611,176328,24417,46243,67194
"2016/2/26",自營商,276223,38060,290432,35589,-14209,2471,283215,20393,246436,28245,36779,-7852
"2016/2/26",投信,752,724,1241,1180,-489,-456,8597,6614,17116,21700,-8519,-15086
"2016/2/26",外資及陸資,157582,88852,169060,95498,-11478,-6646,227614,87519,192932,26729,34682,60791
"2016/3/1",自營商,364542,48225,339923,45574,24619,2651,317393,23447,255580,28643,61813,-5196
"2016/3/1",投信,1723,1186,1541,1420,182,-234,8991,6672,17241,22099,-8250,-15427
"2016/3/1",外資及陸資,170939,88791,162474,84639,8465,4152,242666,92043,199259,26559,43407,65484
"2016/3/2",自營商,408591,49731,414600,48498,-6009,1233,256478,23196,221292,27398,35186,-4202
"2016/3/2",投信,540,660,796,1006,-256,-346,9041,6888,17655,22785,-8614,-15897
"2016/3/2",外資及陸資,152172,82436,164668,89998,-12496,-7562,230488,88447,191967,30300,38521,58147
"2016/3/3",自營商,298907,46805,293253,44626,5654,2179,292575,26769,251646,28701,40929,-1932
"2016/3/3",投信,1172,820,1605,2046,-433,-1226,9098,6710,18214,23924,-9116,-17214
"2016/3/3",外資及陸資,146285,86795,142319,81945,3966,4850,237845,92773,195118,29302,42727,63471
"2016/3/4",自營商,261159,39087,265687,38542,-4528,545,306114,28726,269852,30166,36262,-1440
"2016/3/4",投信,1152,794,1122,1478,30,-684,9151,6859,18318,24832,-9167,-17973
"2016/3/4",外資及陸資,138054,80678,146591,80391,-8537,287,244096,93838,209459,29746,34637,64093
"2016/3/7",自營商,315337,49040,319896,48743,-4559,297,321442,29014,289556,30117,31886,-1102
"2016/3/7",投信,2293,3308,2963,4521,-670,-1213,9000,6627,18891,25821,-9891,-19193
"2016/3/7",外資及陸資,146209,86948,152566,87326,-6357,-378,248071,97756,219601,33675,28470,64081
"2016/3/8",自營商,334604,46794,332932,45189,1672,1605,333527,30123,300062,29606,33465,517
"2016/3/8",投信,351,283,1639,2365,-1288,-2082,8801,6478,19971,27779,-11170,-21301
"2016/3/8",外資及陸資,154030,90352,158189,85362,-4159,4990,258110,104167,233083,34348,25027,69819
"2016/3/9",自營商,325771,41941,338488,42277,-12717,-336,280535,26595,264030,26497,16505,98
"2016/3/9",投信,149,196,1050,1698,-901,-1502,8715,6322,20759,29140,-12044,-22818
"2016/3/9",外資及陸資,125487,76228,127749,73859,-2262,2369,255172,105748,230285,33357,24887,72391
"2016/3/10",自營商,293055,42118,275350,45159,17705,-3041,311817,27315,277853,30131,33964,-2816
"2016/3/10",投信,4109,5443,4206,5629,-97,-186,8685,6258,20823,29326,-12138,-23069
"2016/3/10",外資及陸資,144629,85698,158876,85265,-14247,433,258146,103230,247516,30059,10630,73170
"2016/3/11",自營商,327747,49080,329688,45436,-1941,3644,336489,30722,305234,29900,31255,822
"2016/3/11",投信,5661,7621,6030,8766,-369,-1145,8778,6334,21459,30719,-12681,-24385
"2016/3/11",外資及陸資,143343,88472,148099,86960,-4756,1512,265662,104703,259555,29235,6107,75468
"2016/3/14",自營商,287013,50585,286470,50685,543,-100,349037,31324,317264,30602,31773,721
"2016/3/14",投信,10038,10810,9875,10397,163,413,9192,6485,21773,30582,-12581,-24097
"2016/3/14",外資及陸資,141728,95340,143741,105893,-2013,-10553,271001,105015,266699,39450,4302,65565
"2016/3/15",自營商,461570,80095,469427,82611,-7857,-2516,373011,32108,348842,33922,24169,-1814
"2016/3/15",投信,8662,11234,10685,13490,-2023,-2256,9332,6552,23549,32466,-14217,-25914
"2016/3/15",外資及陸資,214070,152998,212075,153022,1995,-24,283598,107716,276819,43320,6779,64396
"2016/3/16",自營商,376181,53126,343677,56586,32504,-3460,163641,17206,150285,26979,13356,-9773
"2016/3/16",投信,1390,1666,1924,2878,-534,-1212,9003,5875,23878,33554,-14875,-27679
"2016/3/16",外資及陸資,123886,85444,116807,71355,7079,14089,146789,98149,99005,22715,47784,75434
"2016/3/17",自營商,335614,52926,347746,50447,-12132,2479,190026,19413,189201,26745,825,-7332
"2016/3/17",投信,954,912,2419,3391,-1465,-2479,9094,5757,25263,36044,-16169,-30287
"2016/3/17",外資及陸資,160216,101926,166622,103915,-6406,-1989,155762,99198,113869,25057,41893,74140
"2016/3/18",自營商,254609,35988,262497,34595,-7888,1393,211979,21899,219128,27945,-7149,-6046
"2016/3/18",投信,798,504,737,894,61,-390,9162,5680,25363,36586,-16201,-30906
"2016/3/18",外資及陸資,123854,74897,126705,74933,-2851,-36,163301,100728,123747,25790,39554,74938
"2016/3/21",自營商,256583,37724,269044,34808,-12461,2916,219932,23836,238404,27064,-18472,-3228
"2016/3/21",投信,829,790,1207,1556,-378,-766,9180,5499,25756,37093,-16576,-31593
"2016/3/21",外資及陸資,125003,71325,134763,74885,-9760,-3560,163219,101270,132956,29167,30263,72103
"2016/3/22",自營商,328520,43724,325806,45611,2714,-1887,247329,25069,262690,30138,-15361,-5069
"2016/3/22",投信,1277,1156,1642,2227,-365,-1071,9420,5502,26382,38184,-16962,-32682
"2016/3/22",外資及陸資,140261,89223,138172,80472,2089,8751,169292,109522,136293,27786,32999,81735
"2016/3/23",自營商,316537,45032,312371,48403,4166,-3371,199027,20845,207170,29496,-8143,-8651
"2016/3/23",投信,756,780,1327,1907,-571,-1127,9488,5290,26919,38958,-17431,-33668
"2016/3/23",外資及陸資,146268,82611,149635,81798,-3367,813,168536,108587,131254,26401,37282,82186
"2016/3/24",自營商,311887,49295,334823,47943,-22936,1352,227868,23375,258589,30586,-30721,-7211
"2016/3/24",投信,918,767,915,1170,3,-403,9629,5198,27087,39280,-17458,-34082
"2016/3/24",外資及陸資,155642,91887,160302,89394,-4660,2493,173440,108577,140444,23926,32996,84651
"2016/3/25",自營商,262543,36922,272084,36192,-9541,730,251314,24110,292099,30697,-40785,-6587
"2016/3/25",投信,701,300,1458,944,-757,-644,8862,5207,27017,39880,-18155,-34673
"2016/3/25",外資及陸資,99908,53639,101822,55648,-1914,-2009,174434,107192,143443,24670,30991,82521
"2016/3/28",自營商,250099,31455,239327,32750,10772,-1295,283568,23648,313373,31494,-29805,-7846
"2016/3/28",投信,350,305,664,903,-314,-598,8924,5143,27336,40356,-18412,-35214
"2016/3/28",外資及陸資,108633,64702,113041,65922,-4408,-1220,175797,106489,149178,25320,26619,81169
"2016/3/29",自營商,380792,49233,394360,53084,-13568,-3851,286656,23882,330317,35441,-43661,-11559
"2016/3/29",投信,1407,1605,1988,2513,-581,-908,9180,5300,27936,41082,-18756,-35782
"2016/3/29",外資及陸資,164712,93411,174008,96279,-9296,-2868,181814,107595,163842,30088,17972,77507
"2016/3/30",自營商,454605,58584,391094,55950,63511,2634,253241,24232,245182,33344,8059,-9112
"2016/3/30",投信,1469,1299,1077,1365,392,-66,9317,5501,27906,41916,-18589,-36415
"2016/3/30",外資及陸資,150635,94573,132098,75884,18537,18689,194160,123573,153495,25249,40665,98324
"2016/3/31",自營商,339486,52180,356685,53274,-17199,-1094,276891,23965,285811,34010,-8920,-10044
"2016/3/31",投信,759,899,2506,3379,-1747,-2480,9028,4958,29238,43752,-20210,-38794
"2016/3/31",外資及陸資,166028,100294,183032,110431,-17004,-10137,194345,114850,170242,26695,24103,88155
"2016/4/1",自營商,330974,53764,351101,52383,-20127,1381,272720,25029,301728,33580,-29008,-8551
"2016/4/1",投信,916,1159,1424,1805,-508,-646,9004,4828,29536,43874,-20532,-39047
"2016/4/1",外資及陸資,160725,100087,174836,104780,-14111,-4693,192089,111687,182453,28780,9636,82907
"2016/4/6",自營商,417188,60782,451390,62290,-34202,-1508,240121,23603,287114,33612,-46993,-10009
"2016/4/6",投信,898,1162,2245,2575,-1347,-1413,8800,4409,30109,44086,-21309,-39677
"2016/4/6",外資及陸資,184583,97462,208134,111758,-23551,-14296,195632,105151,194273,37806,1359,67346
"2016/4/7",自營商,326483,47552,330095,48872,-3612,-1320,266392,23579,316977,34808,-50585,-11228
"2016/4/7",投信,1512,2077,673,735,839,1342,8814,4414,29284,42663,-20470,-38249
"2016/4/7",外資及陸資,152466,96330,153723,88972,-1257,7358,206093,109841,205748,35168,345,74673
"2016/4/8",自營商,340209,42522,335543,39576,4666,2946,295350,25635,341736,34128,-46386,-8493
"2016/4/8",投信,1374,1130,633,753,741,377,8903,4586,28920,42671,-20017,-38085
"2016/4/8",外資及陸資,145726,87799,145629,81628,97,6171,214854,114089,213721,32710,1133,81379
"2016/4/11",自營商,318193,39219,288783,39477,29410,-258,328250,26224,345989,35281,-17739,-9057
"2016/4/11",投信,1873,1076,1490,928,383,148,8934,4497,28700,42565,-19766,-38068
"2016/4/11",外資及陸資,144884,84853,139021,79935,5863,4918,222139,119394,214942,32819,7197,86576
"2016/4/12",自營商,371961,48603,364824,47563,7137,1040,347031,27248,358172,35282,-11141,-8034
"2016/4/12",投信,1156,738,1548,1337,-392,-599,8881,4395,29039,42982,-20158,-38587
"2016/4/12",外資及陸資,164035,95243,158236,94526,5799,717,231472,120443,217635,33103,13837,87340
"2016/4/13",自營商,451010,67611,401140,61979,49870,5632,286045,32737,296580,35429,-10535,-2692
"2016/4/13",投信,3354,3854,3810,4933,-456,-1079,8766,4266,29512,44567,-20746,-40301
"2016/4/13",外資及陸資,157174,94860,150789,89244,6385,5616,240597,128452,216319,33770,24278,94681
"2016/4/14",自營商,281622,45788,297048,42040,-15426,3748,312503,38404,338186,37302,-25683,1102
"2016/4/14",投信,3103,4217,3560,4791,-457,-574,8736,4222,29900,45212,-21164,-40990
"2016/4/14",外資及陸資,122717,70251,138850,78933,-16133,-8682,240691,124970,232014,38367,8677,86603
"2016/4/15",自營商,315173,47479,294479,47595,20694,-116,335129,41085,340805,40153,-5676,932
"2016/4/15",投信,3886,5488,3628,5789,258,-301,8808,4365,30071,45932,-21263,-41567
"2016/4/15",外資及陸資,129763,97524,132252,92360,-2489,5164,248371,130331,241436,37724,6935,92608
"2016/4/18",自營商,249507,39435,258503,37714,-8996,1721,345046,37375,359523,34618,-14477,2757
"2016/4/18",投信,12843,18813,12704,18529,139,284,9076,4767,30281,45690,-21205,-40924
"2016/4/18",外資及陸資,118993,92570,126251,104679,-7258,-12109,253827,124325,254455,44863,-628,79462
"2016/4/19",自營商,431769,78302,441307,79003,-9538,-701,348870,37357,373601,35063,-24731,2294
"2016/4/19",投信,14839,17930,15606,18818,-767,-888,10072,4779,32095,46480,-22023,-41701
"2016/4/19",外資及陸資,191249,147686,196725,151671,-5476,-3985,259404,130182,265407,54700,-6003,75482
"2016/4/20",自營商,597363,81042,611685,91117,-14322,-10075,166611,17004,173055,25405,-6444,-8401
"2016/4/20",投信,2242,2696,3575,4640,-1333,-1944,9147,4531,32103,46826,-22956,-42295
"2016/4/20",外資及陸資,204798,117332,205379,117794,-581,-462,182016,108485,112604,36047,69412,72438
"2016/4/21",自營商,248956,31292,237573,31953,11383,-661,208008,19840,205028,29051,2980,-9211
"2016/4/21",投信,754,1010,415,661,339,349,9252,4716,31929,47110,-22677,-42393
"2016/4/21",外資及陸資,126842,85006,121459,68290,5383,16716,195070,121331,117855,30875,77215,90456
"2016/4/22",自營商,269747,44287,290128,44274,-20381,13,218608,21154,236002,30260,-17394,-9106
"2016/4/22",投信,1357,994,376,446,981,548,10009,5111,31711,46804,-21702,-41693
"2016/4/22",外資及陸資,150612,95643,148319,93459,2293,2184,201913,122255,122504,30015,79409,92240
"2016/4/25",自營商,213806,30966,186998,32481,26808,-1515,261777,23206,253049,33802,8728,-10596
"2016/4/25",投信,393,519,154,182,239,337,10125,5258,31585,46754,-21460,-41496
"2016/4/25",外資及陸資,105248,67605,103044,62092,2204,5513,209556,124906,127043,26840,82513,98066
"2016/4/26",自營商,321297,47558,313188,50352,8109,-2794,292113,24294,274984,37892,17129,-13598
"2016/4/26",投信,1321,1384,881,893,440,491,10330,5251,31398,46464,-21068,-41213
"2016/4/26",外資及陸資,144569,87348,144569,84218,0,3130,214982,127042,132590,25345,82392,101697
"2016/4/27",自營商,318464,40458,330393,37331,-11929,3127,220985,22358,221608,32880,-623,-10522
"2016/4/27",投信,242,308,464,599,-222,-291,10301,5193,31585,46651,-21284,-41458
"2016/4/27",外資及陸資,124484,73179,126506,74678,-2022,-1499,217351,125815,128905,25722,88446,100093
"2016/4/28",自營商,361490,58205,402706,55440,-41216,2765,223649,21523,265415,29080,-41766,-7557
"2016/4/28",投信,1257,1781,2553,3011,-1296,-1230,10222,4979,32313,46961,-22091,-41982
"2016/4/28",外資及陸資,190971,118782,229987,147384,-39016,-28602,212955,119422,162866,49228,50089,70194
"2016/4/29",自營商,342217,44686,369517,42150,-27300,2536,237766,24135,306748,28844,-68982,-4709
"2016/4/29",投信,729,880,1440,1887,-711,-1007,10075,4520,32745,46986,-22670,-42466
"2016/4/29",外資及陸資,145895,84410,153496,87505,-7601,-3095,221855,121513,178637,54999,43218,66514
"2016/5/3",自營商,300943,43076,338041,41752,-37098,1324,237756,25993,344100,29277,-106344,-3283
"2016/5/3",投信,587,742,960,1240,-373,-498,10091,4531,33029,47234,-22938,-42703
"2016/5/3",外資及陸資,145330,75522,157891,80747,-12561,-5225,223478,115007,192536,54080,30942,60926
"2016/5/4",自營商,507023,63081,525445,62122,-18422,959,226781,27182,293560,29353,-66779,-2171
"2016/5/4",投信,1651,1817,2156,2300,-505,-483,10087,4488,33377,47257,-23290,-42770
"2016/5/4",外資及陸資,193865,97752,202620,101773,-8755,-4021,227047,109625,190516,53535,36531,56090
"2016/5/5",自營商,304552,44885,324159,41505,-19607,3380,250105,30001,336619,28763,-86514,1238
"2016/5/5",投信,1967,2805,834,855,1133,1950,10619,5287,32761,45924,-22142,-40636
"2016/5/5",外資及陸資,144626,76480,155944,87880,-11318,-11400,225285,103367,200281,59292,25004,44075
"2016/5/6",自營商,294964,40059,291008,42833,3956,-2774,272428,28375,355008,29827,-82580,-1453
"2016/5/6",投信,1689,2314,1003,982,686,1332,10945,5760,32389,44875,-21444,-39115
"2016/5/6",外資及陸資,147557,75678,145920,72133,1637,3545,230411,103011,203856,55649,26555,47362
"2016/5/9",自營商,250711,38929,262304,38199,-11593,730,274957,28985,369448,29852,-94491,-866
"2016/5/9",投信,2589,2347,2077,1217,512,1130,11358,6085,32260,44131,-20902,-38046
"2016/5/9",外資及陸資,151827,80173,151737,77734,90,2439,233325,103025,206840,53165,26485,49860
"2016/5/10",自營商,354005,49634,347503,49833,6502,-199,291442,29754,380000,30821,-88558,-1068
"2016/5/10",投信,4235,4425,3430,2970,805,1455,11454,6275,31573,43036,-20119,-36761
"2016/5/10",外資及陸資,176886,91077,175666,92686,1220,-1609,238372,99887,210654,51638,27718,48250
"2016/5/11",自營商,404380,53220,428476,49354,-24096,3866,230856,31306,330304,28695,-99448,2611
"2016/5/11",投信,6332,5472,4903,3111,1429,2361,11696,6648,30398,40922,-18702,-34274
"2016/5/11",外資及陸資,181996,92680,191143,100728,-9147,-8048,240858,96690,218959,56431,21899,40259
"2016/5/12",自營商,288779,39991,266375,46217,22404,-6226,261139,27080,338940,30553,-77801,-3473
"2016/5/12",投信,4753,7459,4011,6302,742,1157,11716,6649,29691,39588,-17975,-32939
"2016/5/12",外資及陸資,174311,89034,168547,86050,5764,2984,257918,99327,230038,56266,27880,43061
"2016/5/13",自營商,389430,57699,391579,59209,-2149,-1510,281548,25435,362642,30331,-81094,-4896
"2016/5/13",投信,6372,9609,6141,9128,231,481,11865,6840,29528,39052,-17663,-32211
"2016/5/13",外資及陸資,205068,119962,206689,113574,-1621,6388,269391,108820,243002,59625,26389,49195
"2016/5/16",自營商,274215,45009,256562,46070,17653,-1061,307690,25035,370287,30933,-62597,-5898
"2016/5/16",投信,10693,14443,9401,12456,1292,1987,12117,7018,28569,37422,-16452,-30404
"2016/5/16",外資及陸資,184822,122516,173555,117408,11267,5108,279597,114067,242031,59716,37566,54352
"2016/5/17",自營商,373922,65056,377054,62714,-3132,2342,319002,27265,384163,30867,-65161,-3602
"2016/5/17",投信,11235,12755,10179,11129,1056,1626,12206,7130,27692,36209,-15486,-29078
"2016/5/17",外資及陸資,205848,150263,208288,154500,-2440,-4237,287343,118792,252172,68164,35171,50628
"2016/5/18",自營商,423212,61474,424365,57823,-1153,3651,162916,15438,156109,18486,6807,-3047
"2016/5/18",投信,3138,3452,2320,2533,818,919,11622,7050,26725,35342,-15103,-28292
"2016/5/18",外資及陸資,174531,97236,171330,99328,3201,-2092,210523,95252,135228,41611,75295,53640
"2016/5/19",自營商,264565,40127,269380,39483,-4815,644,209669,17445,208505,19798,1164,-2353
"2016/5/19",投信,741,829,1088,928,-347,-99,11758,7188,27070,35315,-15312,-28127
"2016/5/19",外資及陸資,153329,82710,171466,87735,-18137,-5025,221789,96843,164305,48710,57484,48133
"2016/5/20",自營商,360976,44826,336561,45271,24415,-445,266136,20718,240810,23562,25326,-2844
"2016/5/20",投信,975,1047,603,822,372,225,11766,7264,26808,35413,-15042,-28149
"2016/5/20",外資及陸資,211615,112210,192813,97594,18802,14616,240725,105159,163862,41982,76863,63176
"2016/5/23",自營商,560653,69383,557434,65523,3219,3860,291662,25288,263004,24045,28658,1243
"2016/5/23",投信,4552,5049,2185,2361,2367,2688,11928,7744,25128,34036,-13200,-26292
"2016/5/23",外資及陸資,269864,131357,253042,129566,16822,1791,262489,108051,168805,41215,93684,66836
"2016/5/24",自營商,262306,28958,272091,30586,-9785,-1628,301538,22674,282638,23227,18900,-552
"2016/5/24",投信,540,805,472,423,68,382,12046,7913,25124,33635,-13078,-25722
"2016/5/24",外資及陸資,107869,59649,126862,72227,-18993,-12578,248778,95725,174087,42237,74691,53489
"2016/5/25",自營商,396625,47021,365797,46734,30828,287,227452,23108,212544,23476,14908,-368
"2016/5/25",投信,1300,1749,699,871,601,878,12086,8106,24635,33266,-12549,-25160
"2016/5/25",外資及陸資,167635,85863,161750,77141,5885,8722,241618,100729,164266,37747,77352,62983
"2016/5/26",自營商,170193,21851,169370,23287,823,-1436,248283,23376,233094,25293,15189,-1917
"2016/5/26",投信,911,886,754,609,157,277,12471,8414,24869,33296,-12398,-24881
"2016/5/26",外資及陸資,94428,59789,104577,58078,-10149,1711,239754,99853,172272,35101,67482,64752
"2016/5/27",自營商,249108,30568,234704,31733,14404,-1165,279385,25424,249721,28458,29664,-3034
"2016/5/27",投信,852,1074,533,604,319,470,12643,8660,24731,33311,-12088,-24651
"2016/5/27",外資及陸資,122363,70017,118921,63329,3442,6688,253111,108930,181756,36479,71355,72451
"2016/5/30",自營商,325733,37580,324737,34604,996,2976,303473,28997,272442,29018,31031,-21
"2016/5/30",投信,954,1100,891,908,63,192,12682,8719,24686,33322,-12004,-24603
"2016/5/30",外資及陸資,158218,79343,160853,81558,-2635,-2215,260505,110699,191471,39839,69034,70860
"2016/5/31",自營商,336728,40356,343695,41063,-6967,-707,316171,29346,291905,30127,24266,-781
"2016/5/31",投信,586,607,1292,1815,-706,-1208,12675,8641,25382,34441,-12707,-25799
"2016/5/31",外資及陸資,157636,81759,155997,81088,1639,671,264614,112200,193858,40664,70756,71536
"2016/6/1",自營商,430423,43063,397857,43130,32566,-67,271730,31383,256022,32184,15708,-801
"2016/6/1",投信,1825,1074,2562,3033,-737,-1959,12618,8262,26395,36185,-13777,-27923
"2016/6/1",外資及陸資,173900,86493,161140,73054,12760,13439,271686,121138,184464,35585,87222,85552
"2016/6/2",自營商,281963,40228,290243,42067,-8280,-1839,297864,31618,290152,34340,7712,-2721
"2016/6/2",投信,581,684,1801,2742,-1220,-2058,12710,8364,27701,38301,-14991,-29937
"2016/6/2",外資及陸資,152575,85189,157809,83948,-5234,1241,279023,120919,197636,34291,81387,86628
"2016/6/3",自營商,176660,24890,179775,23370,-3115,1520,312011,32483,307178,33686,4833,-1202
"2016/6/3",投信,1892,1234,2266,1877,-374,-643,12571,8138,27936,38770,-15365,-30632
"2016/6/3",外資及陸資,100562,59281,101746,59606,-1184,-325,285460,119808,205535,33329,79925,86478
"2016/6/4",自營商,103547,13560,102100,12477,1447,1083,313881,32866,307357,33083,6524,-217
"2016/6/4",投信,89,136,717,1211,-628,-1075,12525,8071,28518,39820,-15993,-31749
"2016/6/4",外資及陸資,12858,3434,13388,2886,-530,548,286532,121433,206599,33361,79933,88072
"2016/6/6",自營商,298455,46232,301742,46322,-3287,-90,320805,33671,318422,33979,2383,-308
"2016/6/6",投信,4076,4598,4766,5452,-690,-854,12487,8077,29128,40667,-16641,-32590
"2016/6/6",外資及陸資,156187,94655,158566,90889,-2379,3766,294781,127333,217224,35538,77557,91796
"2016/6/7",自營商,366324,50689,333474,50091,32850,598,364155,35581,328472,35361,35683,220
"2016/6/7",投信,6196,7356,7269,9309,-1073,-1953,12582,8291,30461,43200,-17879,-34908
"2016/6/7",外資及陸資,156606,87843,148905,78941,7701,8902,309787,135660,224462,33450,85325,102210
"2016/6/8",自營商,420439,48681,414105,48277,6334,404,301828,37102,285887,36346,15941,756
"2016/6/8",投信,6497,10313,7622,12238,-1125,-1925,12544,8271,31650,45305,-19106,-37034
"2016/6/8",外資及陸資,179487,97211,180404,96873,-917,338,311032,138322,223682,34993,87350,103329
"2016/6/13",自營商,327499,59455,352285,62735,-24786,-3280,297652,33867,306748,36534,-9096,-2667
"2016/6/13",投信,12057,17038,13646,18969,-1589,-1931,11661,7771,32278,45962,-20617,-38191
"2016/6/13",外資及陸資,209811,145346,234393,157077,-24582,-11731,307387,131833,243953,42266,63434,89567
"2016/6/14",自營商,294955,45013,287561,42400,7394,2613,320159,37691,321323,37527,-1164,164
"2016/6/14",投信,12446,15281,12991,15674,-545,-393,11088,7426,32247,46238,-21159,-38812
"2016/6/14",外資及陸資,163625,117821,166486,111041,-2861,6780,325923,149160,265531,52317,60392,96843
"2016/6/15",自營商,433161,73379,449641,72573,-16480,806,122283,19380,137615,33032,-15332,-13652
"2016/6/15",投信,2629,2104,2627,2710,2,-606,10279,7316,31859,46897,-21580,-39581
"2016/6/15",外資及陸資,192508,101624,210833,103960,-18325,-2336,181005,114950,109049,26262,71956,88688
"2016/6/16",自營商,331998,45736,314009,51377,17989,-5641,199809,19624,197181,38625,2628,-19001
"2016/6/16",投信,1418,1208,2429,2828,-1011,-1620,10599,7283,33154,47857,-22555,-40574
"2016/6/16",外資及陸資,176699,95965,186719,90748,-10020,5217,193123,120510,131244,27900,61879,92610
"2016/6/17",自營商,259868,42380,248205,42273,11663,107,233870,22561,219308,41687,14562,-19126
"2016/6/17",投信,668,843,984,1448,-316,-605,10506,7242,33416,48984,-22910,-41742
"2016/6/17",外資及陸資,139678,86233,131637,73943,8041,12290,204966,132111,135523,25853,69443,106258
"2016/6/20",自營商,257343,34438,274431,35113,-17088,-675,250441,22517,253018,42486,-2577,-19969
"2016/6/20",投信,1716,864,1552,845,164,19,11629,7383,34315,49476,-22686,-42093
"2016/6/20",外資及陸資,127970,74436,134511,79433,-6541,-4997,207930,129919,145348,28341,62582,101578
"2016/6/21",自營商,235403,34277,230000,30716,5403,3561,265464,25283,262214,41734,3250,-16451
"2016/6/21",投信,351,394,162,275,189,119,11944,7744,34441,49924,-22497,-42180
"2016/6/21",外資及陸資,122261,66228,117410,68252,4851,-2024,219756,129705,152042,29344,67714,100361
"2016/6/22",自營商,275241,39648,292402,37706,-17161,1942,178366,22219,222090,36832,-43724,-14613
"2016/6/22",投信,143,243,873,1485,-730,-1242,11889,7657,35116,51076,-23227,-43419
"2016/6/22",外資及陸資,132526,67561,133370,67170,-844,391,223664,130439,139730,29411,83934,101028
"2016/6/23",自營商,160783,21753,166837,21865,-6054,-112,225869,23023,275581,37732,-49712,-14709
"2016/6/23",投信,96,149,600,1015,-504,-866,11884,7630,35615,51920,-23731,-44290
"2016/6/23",外資及陸資,103171,49767,113467,51286,-10296,-1519,244382,130308,170797,30647,73585,99662
"2016/6/24",自營商,645842,110073,654385,114425,-8543,-4352,271336,24587,329413,42975,-58077,-18388
"2016/6/24",投信,1132,1858,2704,4468,-1572,-2610,12423,8278,37726,53756,-25303,-45478
"2016/6/24",外資及陸資,542487,280361,557195,277289,-14708,3072,264336,132284,206016,32869,58320,99416
"2016/6/27",自營商,266004,35906,261639,36217,4365,-311,296657,25909,349892,44747,-53235,-18837
"2016/6/27",投信,924,1487,320,488,604,999,12366,8247,37065,53210,-24699,-44964
"2016/6/27",外資及陸資,170613,92035,180041,83503,-9428,8532,280804,143033,231543,32973,49261,110061
"2016/6/28",自營商,265487,36727,270361,34492,-4874,2235,303318,28484,361714,45184,-58396,-16700
"2016/6/28",投信,531,884,294,490,237,394,12298,8177,36760,53020,-24462,-44843
"2016/6/28",外資及陸資,164361,87871,157435,91538,6926,-3667,280433,138011,224497,31590,55936,106421
"2016/6/29",自營商,394085,52862,362178,51755,31907,1107,222570,24457,240979,40290,-18409,-15832
"2016/6/29",投信,559,943,1367,2002,-808,-1059,12563,8683,37833,54908,-25270,-46225
"2016/6/29",外資及陸資,150346,85577,148943,81397,1403,4180,251735,140975,188762,29200,62973,111775
"2016/6/30",自營商,301409,52768,286552,47176,14857,5592,266585,29184,269203,39423,-2618,-10239
"2016/6/30",投信,446,754,900,1531,-454,-777,12877,9298,38601,56757,-25724,-47459
"2016/6/30",外資及陸資,171139,97780,180480,90749,-9341,7031,260818,149413,206554,28676,54264,120737
"2016/7/1",自營商,298987,45976,279643,46860,19344,-884,287743,30522,271044,41653,16699,-11131
"2016/7/1",投信,379,610,1648,2797,-1269,-2187,12906,9441,39899,59673,-26993,-50232
"2016/7/1",外資及陸資,143478,78973,141695,74118,1783,4855,270124,156528,214182,29258,55942,127270
"2016/7/4",自營商,263401,44692,270413,39537,-7012,5155,294110,32440,283984,38398,10126,-5958
"2016/7/4",投信,378,335,1276,2070,-898,-1735,12806,9282,40697,61298,-27891,-52016
"2016/7/4",外資及陸資,139607,77985,150906,86664,-11299,-8679,270837,147898,225655,29006,45182,118892
"2016/7/5",自營商,210270,33560,211980,35050,-1710,-1490,305054,33803,296699,41117,8355,-7314
"2016/7/5",投信,332,361,721,1094,-389,-733,12901,9294,41181,61912,-28280,-52618
"2016/7/5",外資及陸資,113623,66767,120961,65508,-7338,1259,269195,148340,231416,28476,37779,119864
"2016/7/6",自營商,416408,57791,459237,57822,-42829,-31,235153,29514,267482,36898,-32329,-7384
"2016/7/6",投信,413,412,1743,2847,-1330,-2435,12786,8802,42396,62979,-29610,-54177
"2016/7/6",外資及陸資,213735,110360,239759,121384,-26024,-11024,263539,135569,234246,28709,29293,106860
"2016/7/7",自營商,203702,29430,181053,29913,22649,-483,263030,30525,272706,38381,-9676,-7855
"2016/7/7",投信,929,1586,398,674,531,912,12605,8579,41684,62437,-29079,-53858
"2016/7/7",外資及陸資,115792,73077,115599,63700,193,9377,272132,143885,242378,26206,29754,117679
"2016/7/11",自營商,335601,47830,323316,48021,12285,-191,303502,32440,301047,40664,2455,-8224
"2016/7/11",投信,1744,901,1558,577,186,324,12752,8990,41645,63625,-28893,-54634
"2016/7/11",外資及陸資,145746,87260,150830,89184,-5084,-1924,270919,144878,246014,26625,24905,118254
"2016/7/12",自營商,251046,39972,223682,39260,27364,712,328225,34077,298236,41547,29989,-7471
"2016/7/12",投信,4407,5475,4820,6135,-413,-660,12909,9319,42215,64867,-29306,-55548
"2016/7/12",外資及陸資,129107,73575,119850,69736,9257,3839,285336,150401,250942,27343,34394,123058
"2016/7/13",自營商,407609,55514,412902,56448,-5293,-934,285463,33468,279466,41983,5997,-8515
"2016/7/13",投信,4676,6735,4421,6208,255,527,13482,10343,42533,65476,-29051,-55133
"2016/7/13",外資及陸資,190933,100528,199636,96193,-8703,4335,293771,157737,263183,29319,30588,128418
"2016/7/14",自營商,218686,42553,215950,41982,2736,571,306784,34461,297823,42392,8961,-7931
"2016/7/14",投信,4588,7674,5787,9674,-1199,-2000,13317,10112,43606,67380,-30289,-57268
"2016/7/14",外資及陸資,125482,75675,126992,74170,-1510,1505,297511,162378,268570,32062,28941,130316
"2016/7/15",自營商,310334,50998,288832,53437,21502,-2439,331553,36837,301114,47187,30439,-10349
"2016/7/15",投信,5822,9936,5477,9231,345,705,13304,10170,43248,67389,-29944,-57219
"2016/7/15",外資及陸資,178580,99370,181074,95374,-2494,3996,302533,167614,275916,31639,26617,135975
"2016/7/18",自營商,277492,47661,281667,45460,-4175,2201,345050,37900,319588,46180,25462,-8280
"2016/7/18",投信,14256,23753,13914,22630,342,1123,13150,10198,42752,66885,-29602,-56687
"2016/7/18",外資及陸資,172296,124545,185810,131021,-13514,-6476,300029,160943,286652,29966,13377,130977
"2016/7/19",自營商,326496,57630,336255,52447,-9759,5183,370187,43466,353240,46622,16947,-3156
"2016/7/19",投信,17388,24795,17476,25163,-88,-368,13565,10545,43255,67889,-29690,-57344
"2016/7/19",外資及陸資,207420,151482,214536,157141,-7116,-5659,309699,166231,302808,39774,6891,126458
"2016/7/20",自營商,444912,77870,462294,84553,-17382,-6683,140678,23512,177253,36748,-36575,-13236
"2016/7/20",投信,2546,3264,3202,4181,-656,-917,13233,10412,43686,68572,-30453,-58159
"2016/7/20",外資及陸資,179947,92151,171309,92214,8638,-63,213165,142358,128132,24946,85033,117412
"2016/7/21",自營商,294502,44106,310427,41736,-15925,2370,196259,26931,248681,37949,-52422,-11018
"2016/7/21",投信,380,656,792,1369,-412,-713,13112,10332,43977,69861,-30865,-59529
"2016/7/21",外資及陸資,151224,73464,155837,72370,-4613,1094,232229,147431,152172,27363,80057,120068
"2016/7/22",自營商,237410,33988,256649,36628,-19239,-2640,216110,24141,287828,37507,-71718,-13367
"2016/7/22",投信,214,342,754,678,-540,-336,12934,9950,43986,69436,-31052,-59486
"2016/7/22",外資及陸資,125331,65580,131026,67658,-5695,-2078,236087,141919,161636,24658,74451,117260
"2016/7/25",自營商,428465,64738,458463,61155,-29998,3583,228781,27602,330307,37372,-101526,-9770
"2016/7/25",投信,462,822,1286,2286,-824,-1464,12799,9675,44675,70386,-31876,-60711
"2016/7/25",外資及陸資,223827,111295,236672,111607,-12845,-312,234022,139626,172349,22542,61673,117084
"2016/7/26",自營商,306921,37110,281352,36846,25569,264,256112,28496,331955,38129,-75843,-9633
"2016/7/26",投信,186,325,311,550,-125,-225,12714,9602,44715,71043,-32001,-61441
"2016/7/26",外資及陸資,159220,89475,151076,78506,8144,10969,242651,151068,173144,21745,69507,129323
"2016/7/27",自營商,473527,51362,475748,52883,-2221,-1521,210349,26371,283937,37543,-73588,-11172
"2016/7/27",投信,502,882,770,1364,-268,-482,12645,9460,44914,71487,-32269,-62027
"2016/7/27",外資及陸資,200008,101523,210033,107629,-10025,-6106,236230,147307,179091,24272,57139,123036
"2016/7/28",自營商,274252,35340,259874,36731,14378,-1391,264689,26969,323815,39520,-59126,-12551
"2016/7/28",投信,143,248,690,1235,-547,-987,12648,9448,45464,72458,-32816,-63010
"2016/7/28",外資及陸資,155691,89642,156288,82534,-597,7108,250763,155689,193958,25426,56805,130263
"2016/7/29",自營商,272607,40232,298549,41653,-25942,-1421,282317,27253,367550,41109,-85233,-13856
"2016/7/29",投信,244,422,1771,2928,-1527,-2506,12428,8964,46771,73879,-34343,-64916
"2016/7/29",外資及陸資,174174,103145,184398,105570,-10224,-2425,254921,150766,208399,24451,46522,126315
"2016/8/1",自營商,278115,44970,251034,38644,27081,6326,306055,31966,364573,39654,-58518,-7689
"2016/8/1",投信,365,654,919,1107,-554,-453,12258,9021,47155,75465,-34897,-66443
"2016/8/1",外資及陸資,139472,83146,133775,73560,5697,9586,266796,165070,213993,26068,52803,139002
"2016/8/2",自營商,181058,23706,197510,24096,-16452,-390,308646,31580,383715,39671,-75069,-8090
"2016/8/2",投信,261,407,570,435,-309,-28,12466,9320,47672,75587,-35206,-66266
"2016/8/2",外資及陸資,92917,50919,106047,62239,-13130,-11320,262142,153894,222426,27058,39716,126836
"2016/8/3",自營商,396371,50128,392893,53554,3478,-3426,248346,25167,317304,36551,-68958,-11384
"2016/8/3",投信,204,352,2314,3640,-2110,-3288,12016,8485,49333,77474,-37317,-68989
"2016/8/3",外資及陸資,179989,95610,183172,92009,-3183,3601,258278,156601,215098,27364,43180,129237
"2016/8/4",自營商,236084,36966,249525,32188,-13441,4778,290680,28087,372887,34715,-82207,-6627
"2016/8/4",投信,668,742,1368,859,-700,-117,11963,8293,49980,77672,-38017,-69378
"2016/8/4",外資及陸資,134499,82830,142526,86081,-8027,-3251,257936,153148,222968,26779,34968,126369
"2016/8/5",自營商,305761,44945,277395,42841,28366,2104,314623,31189,368628,35992,-54005,-4802
"2016/8/5",投信,970,1331,2734,3230,-1764,-1899,12062,8567,51843,80558,-39781,-71992
"2016/8/5",外資及陸資,149871,84472,148745,77735,1126,6737,262925,160607,226462,26065,36463,134542
"2016/8/8",自營商,276249,38229,292088,35592,-15839,2637,327324,34668,397137,36786,-69813,-2118
"2016/8/8",投信,996,1366,1520,1316,-524,50,11873,8424,52178,80800,-40305,-72376
"2016/8/8",外資及陸資,137920,72098,153290,79482,-15370,-7384,256876,157317,236471,29768,20405,127549
"2016/8/9",自營商,240410,27392,224057,28362,16353,-970,353630,34644,407150,37816,-53520,-3172
"2016/8/9",投信,779,995,1119,1681,-340,-686,11924,8526,52569,81598,-40645,-73072
"2016/8/9",外資及陸資,110918,63038,112153,58918,-1235,4120,259693,161058,240338,29192,19355,131865
"2016/8/10",自營商,348964,45495,343536,42123,5428,3372,281717,37932,356430,37718,-74713,214
"2016/8/10",投信,386,411,1339,2012,-953,-1601,11868,8336,53466,83270,-41598,-74934
"2016/8/10",外資及陸資,145194,81856,151288,80538,-6094,1318,257855,164603,241139,30951,16716,133652
"2016/8/11",自營商,329146,59425,367070,55040,-37924,4385,307740,44992,420556,40423,-112816,4569
"2016/8/11",投信,6278,9920,7553,13338,-1275,-3418,11808,7831,54681,85679,-42873,-77848
"2016/8/11",外資及陸資,197088,111463,225551,116733,-28463,-5270,261483,162872,273064,35401,-11581,127471
"2016/8/12",自營商,229001,30582,188942,32580,40059,-1998,336601,43185,409773,40613,-73172,2572
"2016/8/12",投信,9525,13291,9855,13912,-330,-621,11896,8027,55099,86856,-43203,-78830
"2016/8/12",外資及陸資,133404,88962,126489,81496,6915,7466,272309,172108,276703,36375,-4394,135733
"2016/8/15",自營商,207677,43351,220643,40059,-12966,3292,343507,43465,428563,37670,-85056,5795
"2016/8/15",投信,22567,36985,23486,38452,-919,-1467,12012,8301,56132,88610,-44120,-80309
"2016/8/15",外資及陸資,161449,138971,167059,142529,-5610,-3558,277857,175003,287711,42658,-9854,132345
"2016/8/16",自營商,336886,63879,349673,67568,-12787,-3689,339397,39908,437698,37806,-98301,2102
"2016/8/16",投信,21227,31563,23034,34773,-1807,-3210,11913,8067,57840,91111,-45927,-83043
"2016/8/16",外資及陸資,238789,176497,237236,179015,1553,-2518,281237,170385,288917,40985,-7680,129400
"2016/8/17",自營商,363858,50703,348949,47995,14909,2708,147922,19230,162182,24274,-14260,-5044
"2016/8/17",投信,4259,4270,5298,7162,-1039,-2892,12244,7747,59095,93661,-46851,-85915
"2016/8/17",外資及陸資,142270,94461,139542,85195,2728,9266,206469,147214,152727,23223,53742,123991
"2016/8/18",自營商,197464,31485,203484,27114,-6020,4371,191020,23800,211518,24672,-20498,-871
"2016/8/18",投信,885,1531,1652,2465,-767,-934,12294,7856,59912,95044,-47618,-87188
"2016/8/18",外資及陸資,119941,69698,119832,62192,109,7506,221009,154487,167413,22614,53596,131872
"2016/8/19",自營商,362580,54072,380413,55813,-17833,-1741,212302,25115,250618,27763,-38316,-2648
"2016/8/19",投信,1288,2237,2552,4052,-1264,-1815,12600,8333,61482,96441,-48882,-88108
"2016/8/19",外資及陸資,198435,115124,213015,123148,-14580,-8024,223821,153421,185208,30779,38613,122642
"2016/8/22",自營商,332504,39629,347258,41019,-14754,-1390,236470,24145,289379,28350,-52909,-4205
"2016/8/22",投信,97,166,1803,3203,-1706,-3037,12133,7456,62719,98075,-50586,-90619
"2016/8/22",外資及陸資,187289,103426,184175,92361,3114,11065,236283,162474,194373,29166,41910,133308
"2016/8/23",自營商,289808,32656,250522,34337,39286,-1681,257766,26739,271126,32545,-13360,-5806
"2016/8/23",投信,1733,2434,172,294,1561,2140,12506,7857,61731,97257,-49225,-89400
"2016/8/23",外資及陸資,137503,76595,117703,61362,19800,15233,249744,173371,188164,23478,61580,149893
"2016/8/24",自營商,274261,29007,297766,29455,-23505,-448,204487,24069,223450,30467,-18963,-6397
"2016/8/24",投信,634,1141,289,518,345,623,12680,8141,61560,96637,-48880,-88496
"2016/8/24",外資及陸資,118627,61169,125245,67736,-6618,-6567,246340,166879,181606,24020,64734,142859
"2016/8/25",自營商,314235,37178,285617,38634,28618,-1456,246797,29408,237452,37301,9345,-7893
"2016/8/25",投信,954,1722,140,248,814,1474,12818,8479,60884,96654,-48066,-88174
"2016/8/25",外資及陸資,166235,96316,150317,76555,15918,19761,280639,188238,199286,23268,81353,164970
"2016/8/26",自營商,213135,22378,225051,21249,-11916,1129,266393,28522,269319,35349,-2926,-6827
"2016/8/26",投信,400,710,105,92,295,618,12821,8504,60592,96159,-47771,-87654
"2016/8/26",外資及陸資,95487,47891,108184,58832,-12697,-10941,273669,176925,205364,22958,68305,153967
"2016/8/29",自營商,329404,49988,352533,44424,-23129,5564,273984,29959,299791,31449,-25807,-1490
"2016/8/29",投信,383,466,1151,2053,-768,-1587,12578,7914,61117,96799,-48539,-88885
"2016/8/29",外資及陸資,180269,94039,197975,103061,-17706,-9022,274526,171341,223676,27156,50850,144185
"2016/8/30",自營商,266275,31644,245487,34031,20788,-2387,292679,28973,297627,32796,-4948,-3824
"2016/8/30",投信,235,405,186,234,49,171,12667,8049,61157,96697,-48490,-88649
"2016/8/30",外資及陸資,124206,66176,128754,67755,-4548,-1579,275868,168567,229627,26285,46241,142282
"2016/8/31",自營商,415600,49904,428951,52868,-13351,-2964,224949,26374,256314,33253,-31365,-6879
"2016/8/31",投信,555,902,1312,2271,-757,-1369,12652,8048,61899,97481,-49247,-89433
"2016/8/31",外資及陸資,164202,92989,167626,89091,-3424,3898,274525,170597,220484,25316,54041,145281
"2016/9/1",自營商,289278,47015,311206,46396,-21928,619,249273,26677,302785,32839,-53512,-6161
"2016/9/1",投信,305,536,1294,2314,-989,-1778,12341,7452,62577,98320,-50236,-90868
"2016/9/1",外資及陸資,162741,97530,180365,100325,-17624,-2795,280377,172421,243878,30573,36499,141848
"2016/9/2",自營商,209644,27617,208040,26433,1604,1184,265574,29524,317416,34391,-51842,-4868
"2016/9/2",投信,21,34,198,354,-177,-320,12249,7280,62662,98372,-50413,-91092
"2016/9/2",外資及陸資,121326,69152,119271,65662,2055,3490,286951,176455,248098,31026,38853,145429
"2016/9/5",自營商,292451,34741,230540,38163,61911,-3422,316821,32991,306461,41435,10360,-8445
"2016/9/5",投信,1722,2980,382,513,1340,2467,12575,7981,61648,97946,-49073,-89965
"2016/9/5",外資及陸資,134953,81808,116726,63208,18227,18600,302646,194277,245055,27346,57591,166931
"2016/9/6",自營商,300723,33897,276753,34228,23970,-331,343667,34859,309504,43508,34163,-8649
"2016/9/6",投信,840,1323,408,451,432,872,12639,8152,61280,98125,-48641,-89973
"2016/9/6",外資及陸資,127512,66804,129277,62179,-1765,4625,309369,202584,253497,29368,55872,173215
"2016/9/7",自營商,471744,43540,418730,46814,53014,-3274,285049,35100,260780,46906,24269,-11807
"2016/9/7",投信,1839,2809,839,932,1000,1877,12564,8111,60205,97217,-47641,-89106
"2016/9/7",外資及陸資,164667,87889,172997,80835,-8330,7054,313766,215325,260855,33252,52911,182072
"2016/9/8",自營商,182327,20675,197811,18895,-15484,1780,299498,33072,290811,42979,8687,-9907
"2016/9/8",投信,282,115,518,660,-236,-545,12504,7994,60381,97504,-47877,-89510
"2016/9/8",外資及陸資,77531,39569,95762,53778,-18231,-14209,308806,201888,274249,34853,34557,167034
"2016/9/9",自營商,289592,42591,340292,39127,-50700,3464,295213,30352,337173,36739,-41960,-6387
"2016/9/9",投信,1214,421,2983,3694,-1769,-3273,12170,7310,61815,98985,-49645,-91675
"2016/9/9",外資及陸資,132058,73825,145774,94674,-13716,-20849,299678,180365,279388,36501,20290,143865
"2016/9/10",自營商,344214,40662,371955,38795,-27741,1867,317320,30641,386743,34872,-69423,-4231
"2016/9/10",投信,418,612,2093,3638,-1675,-3026,11936,6753,63256,99710,-51320,-92958
"2016/9/10",外資及陸資,44784,12136,50092,10905,-5308,1231,302260,178051,287038,35209,15222,142842
"2016/9/12",自營商,380098,45363,399487,44958,-19389,405,327856,30352,416823,34191,-88967,-3840
"2016/9/12",投信,7383,8775,8061,9952,-678,-1177,11978,6789,63976,100367,-51998,-93577
"2016/9/12",外資及陸資,173301,95946,182536,100988,-9235,-5042,307015,173353,301498,36452,5517,136901
"2016/9/13",自營商,483661,59066,500011,56214,-16350,2852,342539,32926,447730,34078,-105191,-1153
"2016/9/13",投信,6067,10383,6181,10569,-114,-186,11979,6798,64091,100628,-52112,-93831
"2016/9/13",外資及陸資,235767,115484,250028,119520,-14261,-4036,316361,173591,324735,40255,-8374,133336
"2016/9/14",自營商,406932,40376,417280,40696,-10348,-320,274806,36221,358570,37867,-83764,-1646
"2016/9/14",投信,7867,12392,8206,12957,-339,-565,11835,6516,64286,100600,-52451,-94084
"2016/9/14",外資及陸資,180954,92275,176762,91478,4192,797,312301,170820,309231,36724,3070,134097
"2016/9/19",自營商,466893,67386,399266,65804,67627,1582,331961,40558,347627,40307,-15666,250
"2016/9/19",投信,25562,43305,22232,37041,3330,6264,12346,7460,61467,98204,-49121,-90744
"2016/9/19",外資及陸資,254555,179676,235267,161058,19288,18618,348456,196946,326278,39315,22178,157631
"2016/9/20",自營商,249687,45404,262949,44048,-13262,1356,339744,37975,367470,36279,-27726,1696
"2016/9/20",投信,18996,30353,19634,31481,-638,-1128,12322,7401,62080,99131,-49758,-91730
"2016/9/20",外資及陸資,161950,122353,167414,130839,-5464,-8486,348079,204802,330851,55972,17228,148830
"2016/9/21",自營商,435835,62510,378629,66562,57206,-4052,159638,24825,160899,27508,-1261,-2683
"2016/9/21",投信,3917,5834,2727,4201,1190,1633,10739,7678,59468,97938,-48729,-90261
"2016/9/21",外資及陸資,168758,90102,160588,80971,8170,9131,221174,166272,124925,24466,96249,141806
"2016/9/22",自營商,262422,33659,255091,32071,7331,1588,199523,27912,193498,28972,6025,-1060
"2016/9/22",投信,494,485,1113,1979,-619,-1494,11024,7935,60372,99900,-49348,-91966
"2016/9/22",外資及陸資,155317,81980,163351,82716,-8034,-736,227638,167142,139456,25480,88182,141662
"2016/9/23",自營商,231349,25193,204743,25212,26606,-19,227075,30049,194869,31099,32206,-1049
"2016/9/23",投信,622,1060,673,849,-51,211,11101,8111,60500,100370,-49399,-92259
"2016/9/23",外資及陸資,113430,67513,111702,57379,1728,10134,234559,175970,143844,23093,90715,152877
"2016/9/26",自營商,235886,23910,252293,28645,-16407,-4735,244011,27369,228260,33099,15751,-5729
"2016/9/26",投信,327,539,1466,2483,-1139,-1944,11019,7961,61557,101325,-50538,-93364
"2016/9/26",外資及陸資,121046,62245,130097,66166,-9051,-3921,234932,172493,153233,25004,81699,147489
"2016/9/29",自營商,474266,44486,424159,49807,50107,-5321,237554,27032,184546,38235,53008,-11204
"2016/9/29",投信,1293,2392,200,371,1093,2021,11311,8589,60757,100945,-49446,-92356
"2016/9/29",外資及陸資,155786,97797,146618,83198,9168,14599,240557,186284,149107,22370,91450,163914
"2016/9/30",自營商,309356,36676,344745,38391,-35389,-1715,288241,27893,270870,40504,17371,-12611
"2016/9/30",投信,122,223,1472,2691,-1350,-2468,11025,7961,61821,101566,-50796,-93605
"2016/9/30",外資及陸資,165505,89159,184413,99056,-18908,-9897,242390,176614,169499,24763,72891,151851
"2016/10/3",自營商,230960,28192,230002,25932,958,2260,314157,29250,295984,39848,18173,-10598
"2016/10/3",投信,284,517,95,174,189,343,11171,8276,61778,102188,-50607,-93911
"2016/10/3",外資及陸資,124601,68890,123675,65503,926,3387,246332,181457,172948,25155,73384,156302
"2016/10/4",自營商,250441,31065,226879,28052,23562,3013,341997,32587,300411,40215,41586,-7628
"2016/10/4",投信,1469,2704,559,972,910,1732,11861,9590,61558,102366,-49697,-92776
"2016/10/4",外資及陸資,116177,62584,110295,53448,5882,9136,253942,191473,174835,24955,79107,166518
"2016/10/5",自營商,242194,24966,229401,26978,12793,-2012,264960,29354,230132,38751,34828,-9397
"2016/10/5",投信,94,113,200,329,-106,-216,11749,9379,61552,102238,-49803,-92859
"2016/10/5",外資及陸資,89202,52168,90678,50633,-1476,1535,253242,194073,167379,26500,85863,167573
"2016/10/6",自營商,190068,27710,205507,26508,-15439,1202,286248,30682,267136,38912,19112,-8230
"2016/10/6",投信,1086,1351,695,653,391,698,11810,9519,61222,101866,-49412,-92347
"2016/10/6",外資及陸資,103707,65656,112982,65837,-9275,-181,257612,194950,181135,26992,76477,167959
"2016/10/7",自營商,144569,14708,132832,16355,11737,-1647,315136,32312,284398,42073,30738,-9761
"2016/10/7",投信,600,544,663,654,-63,-110,11666,9255,61141,101655,-49475,-92400
"2016/10/7",外資及陸資,77812,47853,76728,46642,1084,1211,268052,199404,190083,30341,77969,169063
"2016/10/11",自營商,468695,58358,483116,58846,-14421,-488,323243,33434,306769,43711,16474,-10277
"2016/10/11",投信,3163,5177,4345,7317,-1182,-2140,11310,8569,61967,102494,-50657,-93925
"2016/10/11",外資及陸資,238756,138168,249340,148717,-10584,-10549,275765,203405,208683,45761,67082,157644
"2016/10/12",自營商,370962,42593,328913,37395,42049,5198,285889,33605,251138,38879,34751,-5274
"2016/10/12",投信,4105,7003,3472,5816,633,1187,11039,8124,61063,101594,-50024,-93470
"2016/10/12",外資及陸資,145624,87873,133046,70212,12578,17661,286952,218804,202591,41632,84361,177171
"2016/10/13",自營商,260067,43557,299650,38296,-39583,5261,298230,41097,303065,41109,-4835,-12
"2016/10/13",投信,6115,10677,6792,11076,-677,-399,10607,8029,61308,101314,-50701,-93286
"2016/10/13",外資及陸資,157188,94115,202301,114785,-45113,-20670,278244,206558,238810,51630,39434,154928
"2016/10/14",自營商,216756,34861,227214,37041,-10458,-2180,304820,41506,319919,43944,-15099,-2438
"2016/10/14",投信,7795,11266,8768,12967,-973,-1701,10406,7699,62080,102348,-51674,-94649
"2016/10/14",外資及陸資,154179,98467,157830,100372,-3651,-1905,282283,202223,246618,49837,35665,152386
"2016/10/17",自營商,360625,71935,395621,65798,-34996,6137,314748,45317,362456,41595,-47708,3722
"2016/10/17",投信,27784,46495,27884,46549,-100,-54,10365,7642,62139,102324,-51774,-94682
"2016/10/17",外資及陸資,285164,202644,299231,207045,-14067,-4401,289968,214452,267763,66572,22205,147880
"2016/10/18",自營商,333602,61711,277436,63892,56166,-2181,350419,46704,341418,45194,9001,1509
"2016/10/18",投信,20466,28875,18734,25540,1732,3335,10491,7831,60533,99744,-50042,-91913
"2016/10/18",外資及陸資,173815,146214,165420,137643,8395,8571,292494,217654,261355,59742,31139,157912
"2016/10/19",自營商,453207,75267,370008,79186,83199,-3919,197074,24126,153562,34448,43512,-10322
"2016/10/19",投信,3175,5102,1415,2341,1760,2761,10878,8376,59068,98054,-48190,-89678
"2016/10/19",外資及陸資,157904,96592,149219,86522,8685,10070,230541,188921,121505,25241,109036,163680
"2016/10/20",自營商,232562,30730,229060,29658,3502,1072,265579,26307,219374,35470,46205,-9163
"2016/10/20",投信,593,1017,253,415,340,602,10889,8421,58739,97773,-47850,-89352
"2016/10/20",外資及陸資,122920,69572,123134,67113,-214,2459,242397,193944,133510,27642,108887,166302
"2016/10/21",自營商,216508,34624,213207,36803,3301,-2179,287891,26603,239300,38035,48591,-11432
"2016/10/21",投信,515,582,158,293,357,289,11156,8585,58650,97525,-47494,-88940
"2016/10/21",外資及陸資,132828,78158,132233,75346,595,2812,256742,197715,146851,28596,109891,169119
"2016/10/24",自營商,173470,28235,178665,26130,-5195,2105,286373,28525,243366,38065,43007,-9540
"2016/10/24",投信,281,523,28,52,253,471,11215,8745,58456,97639,-47241,-88894
"2016/10/24",外資及陸資,116029,74285,113609,67738,2420,6547,261120,204626,148874,27754,112246,176871
"2016/10/25",自營商,258205,34176,243954,34549,14251,-373,314147,31203,259009,41143,55138,-9940
"2016/10/25",投信,1078,1864,435,597,643,1267,11070,8499,57668,96764,-46598,-88265
"2016/10/25",外資及陸資,126651,72144,119357,65303,7294,6841,273187,213523,153198,28614,119989,184909
"2016/10/26",自營商,276780,26418,262862,29792,13918,-3374,235304,24272,201969,37719,33335,-13446
"2016/10/26",投信,91,79,630,976,-539,-897,10906,8350,58043,97128,-47137,-88778
"2016/10/26",外資及陸資,105712,52194,118319,64401,-12607,-12207,259058,202220,149622,30336,109436,171884
"2016/10/27",自營商,225319,38072,249549,37957,-24230,115,251814,23831,242557,37080,9257,-13250
"2016/10/27",投信,151,281,1358,1924,-1207,-1643,10039,7300,58383,97278,-48344,-89978
"2016/10/27",外資及陸資,135484,80513,159239,88841,-23755,-8328,257045,194504,170876,31707,86169,162797
"2016/10/28",自營商,179744,24366,182020,25298,-2276,-932,261753,22249,255674,36352,6079,-14102
"2016/10/28",投信,208,387,220,408,-12,-21,10022,7264,58378,97177,-48356,-89913
"2016/10/28",外資及陸資,103869,61708,111784,61792,-7915,-84,260123,193720,182072,31250,78051,162469
"2016/10/31",自營商,327299,46017,334313,47512,-7014,-1495,266942,22123,268831,37680,-1889,-15557
"2016/10/31",投信,1104,1965,640,823,464,1142,9784,7102,57676,95922,-47892,-88820
"2016/10/31",外資及陸資,176010,92609,190822,91500,-14812,1109,265279,192347,201004,29093,64275,163254
"2016/11/1",自營商,243488,33377,260781,30055,-17293,3322,271454,24853,290533,37039,-19079,-12186
"2016/11/1",投信,415,770,178,330,237,440,9823,7175,57478,95495,-47655,-88319
"2016/11/1",外資及陸資,117410,59119,123127,65379,-5717,-6260,265972,187280,207011,30429,58961,156852
"2016/11/2",自營商,450114,56153,523601,56409,-73487,-256,240661,23763,271449,35921,-30788,-12158
"2016/11/2",投信,91,117,1769,2938,-1678,-2821,9682,6853,59026,96849,-49344,-89996
"2016/11/2",外資及陸資,184772,83108,203091,98913,-18319,-15805,259527,174414,212205,35885,47322,138529
"2016/11/3",自營商,236676,40894,242539,41233,-5863,-339,259811,22219,296923,34893,-37112,-12674
"2016/11/3",投信,349,474,1249,1975,-900,-1501,9591,6658,59835,97465,-50244,-90808
"2016/11/3",外資及陸資,139585,76817,150293,87654,-10708,-10837,260459,167483,223245,41139,37214,126344
"2016/11/4",自營商,180591,24275,196448,22873,-15857,1402,264259,22233,317652,33539,-53393,-11307
"2016/11/4",投信,494,535,520,573,-26,-38,9618,6695,59888,97292,-50270,-90597
"2016/11/4",外資及陸資,118324,63156,133541,63590,-15217,-434,273219,166481,250568,41045,22651,125436
"2016/11/7",自營商,269742,40346,263136,37865,6606,2481,294299,23206,341451,32313,-47152,-9107
"2016/11/7",投信,2498,4371,879,1057,1619,3314,10042,7488,58693,96104,-48651,-88616
"2016/11/7",外資及陸資,120301,68366,127044,60376,-6743,7990,285131,174417,269416,39138,15715,135279
"2016/11/8",自營商,279274,38464,266907,35932,12367,2532,321987,25851,356374,32313,-34387,-6462
"2016/11/8",投信,2813,4770,1865,3380,948,1390,10085,7621,57788,95111,-47703,-87491
"2016/11/8",外資及陸資,150121,71531,164235,71521,-14114,10,303428,176461,301727,40442,1701,136020
"2016/11/9",自營商,1090941,149276,1174517,152062,-83576,-2786,266237,28003,304222,36640,-37985,-8638
"2016/11/9",投信,6240,10029,9391,16801,-3151,-6772,9626,6365,60480,97765,-50854,-91400
"2016/11/9",外資及陸資,689569,321303,716103,328935,-26534,-7632,275052,167956,265565,43848,9487,124108
"2016/11/10",自營商,364679,48152,348848,41422,15831,6730,298194,29859,320250,32001,-22056,-2142
"2016/11/10",投信,10057,16680,6510,10539,3547,6141,9949,6873,57256,94713,-47307,-87840
"2016/11/10",外資及陸資,188131,116936,204755,112613,-16624,4323,278328,173833,286462,42419,-8134,131414
"2016/11/11",自營商,413457,66907,457350,71859,-43893,-4952,299329,29034,366334,36185,-67005,-7151
"2016/11/11",投信,8973,14190,10189,16245,-1216,-2055,9739,6604,58262,94477,-48523,-87873
"2016/11/11",外資及陸資,257873,142535,293809,154897,-35936,-12362,280849,165965,325264,50812,-44415,115153
"2016/11/14",自營商,411891,66970,431530,67072,-19639,-102,307623,29501,393833,36809,-86210,-7308
"2016/11/14",投信,29977,46417,29238,45164,739,1253,9801,6705,57585,93202,-47784,-86497
"2016/11/14",外資及陸資,249721,173018,252518,168437,-2797,4581,291126,171861,338672,52915,-47546,118946
"2016/11/15",自營商,323631,52664,310625,56649,13006,-3985,317979,25780,390474,37032,-72495,-11252
"2016/11/15",投信,12262,15777,12001,15171,261,606,9922,6778,57445,92485,-47523,-85706
"2016/11/15",外資及陸資,210911,153959,205718,145641,5193,8318,309038,184787,351948,58160,-42910,126626
"2016/11/16",自營商,388829,70329,384122,62063,4707,8266,153686,19619,170122,24455,-16436,-4835
"2016/11/16",投信,2608,3913,1132,1774,1476,2139,9725,6895,56323,91077,-46598,-84182
"2016/11/16",外資及陸資,139582,81156,139993,84929,-411,-3773,224726,150420,162048,29138,62678,121283
"2016/11/17",自營商,203859,29314,209471,29149,-5612,165,196881,20274,219085,25211,-22204,-4936
"2016/11/17",投信,522,391,280,426,242,-35,10097,7094,56453,91355,-46356,-84261
"2016/11/17",外資及陸資,128049,76646,131107,74943,-3058,1703,235642,153703,176185,31141,59457,122562
"2016/11/18",自營商,209050,29410,203288,30376,5762,-966,218385,20263,234562,26070,-16177,-5807
"2016/11/18",投信,993,1785,181,177,812,1608,10160,7316,55704,90222,-45544,-82905
"2016/11/18",外資及陸資,130809,78057,127756,72861,3053,5196,246698,162391,184173,34087,62525,128304
"2016/11/21",自營商,157078,21656,156672,18948,406,2708,234062,21631,249736,24723,-15674,-3092
"2016/11/21",投信,805,1386,145,93,660,1293,10198,7486,55082,89371,-44884,-81884
"2016/11/21",外資及陸資,94816,50175,92254,48629,2562,1546,254142,162564,188911,32507,65231,130057
"2016/11/22",自營商,371408,41856,315684,46282,55724,-4426,281815,22449,241694,29971,40121,-7523
"2016/11/22",投信,2292,4084,483,760,1809,3324,10431,8044,53506,87709,-43075,-79665
"2016/11/22",外資及陸資,155326,82106,138406,65074,16920,17032,275513,179487,193773,30337,81740,149150
"2016/11/23",自營商,267112,28766,238990,29564,28122,-798,246838,22189,216376,30774,30462,-8585
"2016/11/23",投信,707,1216,222,233,485,983,10476,8254,53083,87300,-42607,-79046
"2016/11/23",外資及陸資,108862,57793,106760,54905,2102,2888,277033,181288,194841,28314,82192,152974
"2016/11/24",自營商,167213,25096,182734,26873,-15521,-1777,260445,20754,245553,31144,14892,-10391
"2016/11/24",投信,373,597,489,806,-116,-209,10593,8426,53316,87376,-42723,-78950
"2016/11/24",外資及陸資,99055,56998,110863,62952,-11808,-5954,277672,177467,207065,31148,70607,146319
"2016/11/25",自營商,176389,23822,168714,26438,7675,-2616,278999,20615,256579,33662,22420,-13047
"2016/11/25",投信,284,321,310,258,-26,63,10517,8473,53266,87520,-42749,-79047
"2016/11/25",外資及陸資,101896,62473,100323,57584,1573,4889,283015,182275,211047,30626,71968,151649
"2016/11/28",自營商,258159,34542,238798,36471,19361,-1929,300105,21515,258556,36514,41549,-14999
"2016/11/28",投信,875,1470,674,459,201,1011,10017,8263,52565,86837,-42548,-78574
"2016/11/28",外資及陸資,142607,81116,131053,70905,11554,10211,299552,196295,216282,33151,83270,163145
"2016/11/29",自營商,211826,26604,211078,26727,748,-123,305007,21516,262892,36651,42115,-15135
"2016/11/29",投信,470,307,241,415,229,-108,10300,8340,52615,86827,-42315,-78487
"2016/11/29",外資及陸資,110947,61871,121846,68256,-10899,-6385,296904,191160,224161,35011,72743,156149
"2016/11/30",自營商,310226,38040,303547,39422,6679,-1382,282197,20131,235216,36759,46981,-16628
"2016/11/30",投信,291,509,195,270,96,239,10236,8323,52455,86789,-42219,-78467
"2016/11/30",外資及陸資,128387,72447,126115,69140,2272,3307,300656,195697,218129,35807,82527,159890
"2016/12/1",自營商,207470,31129,195890,29866,11580,1263,307233,21382,248758,36823,58475,-15440
"2016/12/1",投信,684,1267,146,270,538,997,10327,8522,52008,86268,-41681,-77746
"2016/12/1",外資及陸資,127917,72952,124817,72185,3100,767,313036,200303,227628,39050,85408,161253
"2016/12/2",自營商,251495,40425,287310,36208,-35815,4217,310019,21709,287332,32588,22687,-10879
"2016/12/2",投信,208,381,1378,2193,-1170,-1812,10053,8263,52904,87000,-42851,-78737
"2016/12/2",外資及陸資,127612,65249,146736,83858,-19124,-18609,311797,184191,245487,43764,66310,140427
"2016/12/5",自營商,249884,31439,257625,33141,-7741,-1702,321013,21967,306318,34672,14695,-12705
"2016/12/5",投信,116,213,947,1399,-831,-1186,9504,7578,53186,87457,-43682,-79879
"2016/12/5",外資及陸資,115701,69215,122318,66943,-6617,2272,312650,186526,252640,43431,60010,143094
"2016/12/6",自營商,277931,37111,223644,40051,54287,-2940,369811,27383,301088,43261,68723,-15878
"2016/12/6",投信,1531,2835,459,850,1072,1985,9459,7576,52069,86397,-42610,-78820
"2016/12/6",外資及陸資,121393,71486,110612,56241,10781,15245,333936,203707,263156,43335,70780,160371
"2016/12/7",自營商,263765,32402,269672,30248,-5907,2154,296208,22900,257898,36672,38310,-13772
"2016/12/7",投信,269,496,203,319,66,177,9456,7625,52000,86261,-42544,-78636
"2016/12/7",外資及陸資,103881,49053,109670,59306,-5789,-10253,331099,196426,263298,46070,67801,150356
"2016/12/8",自營商,273416,37072,266193,35934,7223,1138,311089,26944,265448,39764,45641,-12820
"2016/12/8",投信,1053,1943,149,205,904,1738,9641,8053,51281,85862,-41640,-77810
"2016/12/8",外資及陸資,103982,61554,108666,53758,-4684,7796,337277,205019,273711,44572,63566,160446
"2016/12/9",自營商,156921,20454,154923,20700,1998,-246,326262,28866,278641,41910,47621,-13044
"2016/12/9",投信,338,572,362,587,-24,-15,9442,7701,51106,85701,-41664,-77999
"2016/12/9",外資及陸資,86529,49774,88068,42981,-1539,6793,344713,209367,282857,41720,61856,167647
"2016/12/12",自營商,266856,38724,286134,41129,-19278,-2405,323725,26234,294909,41662,28816,-15428
"2016/12/12",投信,357,562,1033,1456,-676,-894,9131,7516,51471,86139,-42340,-78623
"2016/12/12",外資及陸資,149289,74780,168330,85982,-19041,-11202,348556,204014,305630,47932,42926,156082
"2016/12/13",自營商,142284,20119,144405,16781,-2121,3338,324864,28341,298415,40441,26449,-12100
"2016/12/13",投信,683,487,626,372,57,115,9151,7570,51434,86274,-42283,-78705
"2016/12/13",外資及陸資,83741,54987,84854,54203,-1113,784,351340,202771,309543,45408,41797,157363
"2016/12/14",自營商,249999,28742,253048,27484,-3049,1258,293205,28760,264391,39757,28814,-10997
"2016/12/14",投信,2542,3934,2734,4127,-192,-193,8999,7448,51474,86265,-42475,-78817
"2016/12/14",外資及陸資,110006,49680,115796,55701,-5790,-6021,355558,198950,311003,47421,44555,151530
"2016/12/15",自營商,211217,40063,229020,40634,-17803,-571,302904,28731,292123,40326,10781,-11595
"2016/12/15",投信,4544,7377,4997,7536,-453,-159,8572,7277,51500,86250,-42928,-78973
"2016/12/15",外資及陸資,143181,88618,162041,92237,-18860,-3619,359113,196821,333202,49007,25911,147814
"2016/12/16",自營商,165627,37844,190089,37670,-24462,174,294797,27435,308509,38762,-13712,-11328
"2016/12/16",投信,9719,16284,10497,17277,-778,-993,8432,6973,52138,86456,-43706,-79483
"2016/12/16",外資及陸資,93508,67024,107485,83803,-13977,-16779,347820,179590,335713,49508,12107,130082
"2016/12/19",自營商,245858,47263,236319,53275,9539,-6012,310885,24202,314905,41450,-4020,-17248
"2016/12/19",投信,28418,47502,29522,49495,-1104,-1993,8203,6500,53013,87397,-44810,-80897
"2016/12/19",外資及陸資,150820,122047,152683,120332,-1863,1715,344237,171873,333309,40911,10928,130962
"2016/12/20",自營商,219063,50456,240841,43934,-21778,6522,301903,28974,327158,39637,-25255,-10663
"2016/12/20",投信,12537,17177,12228,17080,309,97,8265,6381,52766,87347,-44501,-80965
"2016/12/20",外資及陸資,152116,116262,154569,126952,-2453,-10690,346870,168754,338518,48151,8352,120604
"2016/12/21",自營商,247593,51198,261172,49594,-13579,1604,117763,14884,153882,26773,-36119,-11889
"2016/12/21",投信,979,1018,1232,997,-253,21,7426,5879,52329,86890,-44903,-81010
"2016/12/21",外資及陸資,97636,60319,104281,65882,-6645,-5563,184339,145125,119425,29678,64914,115447
"2016/12/22",自營商,223364,29951,244852,33411,-21488,-3460,148579,17218,206487,32421,-57908,-15203
"2016/12/22",投信,150,274,710,1292,-560,-1018,7382,5742,52845,86910,-45463,-81168
"2016/12/22",外資及陸資,120559,58155,139805,66541,-19246,-8386,189751,142959,143983,37286,45768,105673
"2016/12/23",自營商,214387,25392,218367,25986,-3980,-594,164381,17680,226778,33365,-62397,-15686
"2016/12/23",投信,260,417,690,660,-430,-243,7234,5617,53127,86711,-45893,-81094
"2016/12/23",外資及陸資,109689,55565,113653,57051,-3964,-1486,193746,140009,151852,36695,41894,103315
"2016/12/26",自營商,153099,17075,154903,15341,-1804,1734,174101,18080,238427,32012,-64326,-13931
"2016/12/26",投信,601,1096,142,109,459,987,7147,5627,52581,86020,-45434,-80393
"2016/12/26",外資及陸資,67379,30614,65236,30655,2143,-41,197616,141341,153516,37779,44100,103561
"2016/12/27",自營商,106286,11455,107300,11395,-1014,60,179329,18230,244737,32096,-65408,-13866
"2016/12/27",投信,32,58,101,84,-69,-26,7085,5607,52588,85929,-45503,-80321
"2016/12/27",外資及陸資,45774,23952,50043,25308,-4269,-1356,197443,139571,157357,37473,40086,102099
"2016/12/28",自營商,261685,32273,237693,28085,23992,4188,146679,19886,198953,29753,-52274,-9867
"2016/12/28",投信,1892,3042,225,246,1667,2796,7064,5787,50900,84175,-43836,-78389
"2016/12/28",外資及陸資,121869,55335,110509,46190,11360,9145,202295,145400,149392,32720,52903,112680
"2016/12/29",自營商,187281,20091,188943,22646,-1662,-2555,184794,18778,238769,31074,-53975,-12296
"2016/12/29",投信,568,610,487,297,81,313,6999,5811,50754,83632,-43755,-77821
"2016/12/29",外資及陸資,97720,55358,102408,49338,-4688,6020,208762,148247,161071,29950,47691,118296
"2016/12/30",自營商,273149,34857,266076,32829,7073,2028,202497,22223,249466,32638,-46969,-10414
"2016/12/30",投信,1070,1980,379,264,691,1716,7460,6711,50524,83499,-43064,-76787
"2016/12/30",外資及陸資,135018,69678,133874,64949,1144,4729,217671,154937,168956,30381,48715,124556
"2017/1/3",自營商,199988,25863,201275,21102,-1287,4761,210374,25797,258700,31467,-48326,-5669
"2017/1/3",投信,181,248,102,188,79,60,7477,6759,50462,83636,-42985,-76878
"2017/1/3",外資及陸資,107983,54776,109004,60567,-1021,-5791,218502,149765,170734,30518,47768,119247
"2017/1/4",自營商,238089,25420,228407,29883,9682,-4463,167035,22248,213274,32438,-46239,-10190
"2017/1/4",投信,510,508,54,100,456,408,7588,6960,50117,83354,-42529,-76394
"2017/1/4",外資及陸資,92320,49136,95817,53722,-3497,-4586,217037,146599,165312,31430,51725,115169
"2017/1/5",自營商,272775,38290,265717,34901,7058,3389,199886,28182,239045,34981,-39159,-6799
"2017/1/5",投信,1692,2260,191,341,1501,1919,8021,7377,49049,82436,-41028,-75059
"2017/1/5",外資及陸資,140922,80816,131302,65885,9620,14931,233973,162224,172347,30828,61626,131395
"2017/1/6",自營商,167013,21428,155806,20329,11207,1099,223341,29611,251647,35446,-28306,-5835
"2017/1/6",投信,189,340,227,317,-38,23,7881,7224,48947,82449,-41066,-75225
"2017/1/6",外資及陸資,77554,43665,75022,40909,2532,2756,240152,165287,176169,30663,63983,134624
"2017/1/9",自營商,255863,39492,265946,38090,-10083,1402,233976,28389,272616,32940,-38640,-4551
"2017/1/9",投信,95,164,483,889,-388,-725,7796,7051,49250,82816,-41454,-75765
"2017/1/9",外資及陸資,135125,69870,143217,77519,-8092,-7649,241722,159390,185823,32777,55899,126613
"2017/1/10",自營商,174303,22557,165461,25254,8842,-2697,242908,26376,272714,33686,-29806,-7310
"2017/1/10",投信,422,628,405,744,17,-116,7733,6932,49170,82806,-41437,-75874
"2017/1/10",外資及陸資,93601,53615,89556,47871,4045,5744,249958,164886,189740,32405,60218,132481
"2017/1/11",自營商,276545,34060,298669,34731,-22124,-671,188974,26382,242123,34263,-53149,-7881
"2017/1/11",投信,2079,3640,1619,3012,460,628,7668,6805,48645,82018,-40977,-75214
"2017/1/11",外資及陸資,115729,58911,120318,63003,-4589,-4092,251783,164659,195382,36130,56401,128530
"2017/1/12",自營商,272480,50230,256319,45322,16161,4908,225519,32032,262866,35058,-37347,-3026
"2017/1/12",投信,6544,11009,5805,9760,739,1249,7732,6973,47970,81542,-40238,-74568
"2017/1/12",外資及陸資,156686,92702,146934,76317,9752,16385,268907,180318,203059,34020,65848,146298
"2017/1/13",自營商,170283,30308,210759,30890,-40476,-582,228100,32232,305331,36003,-77231,-3771
"2017/1/13",投信,11240,15565,11856,16417,-616,-852,7386,6741,48240,81872,-40854,-75131
"2017/1/13",外資及陸資,103828,65884,127304,79750,-23476,-13866,263565,169355,220955,37599,42610,131756
"2017/1/16",自營商,266372,51061,277560,52987,-11188,-1926,241707,34755,329461,40401,-87754,-5646
"2017/1/16",投信,23281,40302,24734,42986,-1453,-2684,7294,5903,49601,83007,-42307,-77103
"2017/1/16",外資及陸資,186187,144177,202317,158745,-16130,-14568,271525,172382,244762,56419,26763,115963
"2017/1/17",自營商,242044,45797,225727,41332,16317,4465,269671,37417,340373,38425,-70702,-1008
"2017/1/17",投信,13016,19551,12514,18614,502,937,7440,6206,49245,82786,-41805,-76580
"2017/1/17",外資及陸資,153677,121869,137223,109505,16454,12364,293613,187654,250472,58443,43141,129211
"2017/1/18",自營商,315243,52941,315790,48990,-547,3951,167172,21422,190545,29952,-23373,-8529
"2017/1/18",投信,189,352,1082,2016,-893,-1664,6844,5978,49548,84079,-42704,-78101
"2017/1/18",外資及陸資,107072,60185,123576,76766,-16504,-16581,226975,154994,147696,44556,79279,110438
"2017/1/19",自營商,278710,49831,296581,49291,-17871,540,253516,36718,294939,44732,-41423,-8014
"2017/1/19",投信,231,431,242,435,-11,-4,6818,5937,49533,83940,-42715,-78003
"2017/1/19",外資及陸資,133928,78850,149855,78986,-15927,-136,233746,155131,170774,45106,62972,110025
"2017/1/20",自營商,171521,19481,180025,22225,-8504,-2744,278189,35593,328068,46484,-49879,-10891
"2017/1/20",投信,178,264,252,466,-74,-202,6822,5949,49611,84372,-42789,-78424
"2017/1/20",外資及陸資,81193,48609,88771,39577,-7578,9032,242658,162740,187550,43456,55108,119284
"2017/1/23",自營商,246117,34103,235157,36333,10960,-2230,310991,36186,349893,49458,-38902,-13272
"2017/1/23",投信,1835,3260,81,152,1754,3108,7319,6745,48354,82705,-41035,-75960
"2017/1/23",外資及陸資,126840,73014,125351,62006,1489,11008,254517,168312,198438,37277,56079,131035
"2017/1/24",自營商,261195,25646,250344,25944,10851,-298,332278,36824,360198,50276,-27920,-13451
"2017/1/24",投信,111,209,3849,288,-3738,-79,7272,6679,52045,83003,-44773,-76324
"2017/1/24",外資及陸資,87229,53162,92781,49952,-5552,3210,261060,166255,210423,31313,50637,134943
"2017/2/2",自營商,512100,60250,543165,58090,-31065,2160,294038,37499,307439,48798,-13401,-11299
"2017/2/2",投信,4109,774,670,1261,3439,-487,7361,6803,48695,83063,-41334,-76261
"2017/2/2",外資及陸資,159064,88172,174430,97847,-15366,-9675,252290,155593,194898,31151,57392,124443
"2017/2/3",自營商,242465,33952,257417,31596,-14952,2356,315074,41261,343451,50063,-28377,-8803
"2017/2/3",投信,131,230,108,185,23,45,7375,6864,48686,83580,-41311,-76717
"2017/2/3",外資及陸資,112896,67530,120829,61558,-7933,5972,256983,159787,206659,28185,50324,131602
"2017/2/6",自營商,355718,46417,341067,45441,14651,976,359487,45083,373343,52988,-13856,-7905
"2017/2/6",投信,1134,1825,230,426,904,1399,7635,7082,48042,82953,-40407,-75871
"2017/2/6",外資及陸資,159927,80883,157955,73984,1972,6899,276683,167379,223973,27639,52710,139740
"2017/2/7",自營商,218553,27692,226304,24567,-7751,3125,373647,48056,395246,52861,-21599,-4805
"2017/2/7",投信,267,483,494,916,-227,-433,7427,6694,48061,83122,-40634,-76428
"2017/2/7",外資及陸資,92369,51493,95785,48382,-3416,3111,287227,172361,237749,29260,49478,143102
"2017/2/8",自營商,359200,40839,357662,45400,1538,-4561,330120,42431,335083,51883,-4963,-9452
"2017/2/8",投信,4172,4524,4241,4767,-69,-243,7379,6463,48082,83042,-40703,-76580
"2017/2/8",外資及陸資,158928,85590,159555,86766,-627,-1176,296702,177068,246605,35221,50097,141848
"2017/2/9",自營商,260698,49973,260356,45509,342,4464,342204,42152,348834,47199,-6630,-5047
"2017/2/9",投信,5536,9350,5166,8630,370,720,7431,6599,47764,82929,-40333,-76330
"2017/2/9",外資及陸資,138739,90603,139067,78216,-328,12387,310019,187876,260198,32546,49821,155330
"2017/2/10",自營商,420692,56085,384031,64949,36661,-8864,385401,42235,354634,56104,30767,-13869
"2017/2/10",投信,7871,12885,7093,11371,778,1514,7444,6681,46999,82169,-39555,-75488
"2017/2/10",外資及陸資,190759,114403,189169,109456,1590,4947,324752,198868,273257,37123,51495,161745
"2017/2/13",自營商,228156,45163,237664,41948,-9508,3215,390019,44728,369176,55530,20843,-10801
"2017/2/13",投信,22764,41631,22361,40807,403,824,7496,6785,46648,81792,-39152,-75008
"2017/2/13",外資及陸資,171635,152284,169600,154959,2035,-2675,336073,209678,282242,49623,53831,160055
"2017/2/14",自營商,394182,68639,377357,74258,16825,-5619,413228,48449,375303,64921,37925,-16472
"2017/2/14",投信,13846,21927,14143,22158,-297,-231,7200,6536,46649,81848,-39449,-75311
"2017/2/14",外資及陸資,227925,165192,228749,170091,-824,-4899,344377,212091,291093,56697,53284,155394
"2017/2/15",自營商,429242,64289,400107,66860,29135,-2571,215823,23624,219461,36871,-3638,-13247
"2017/2/15",投信,1761,2424,963,845,798,1579,7088,6498,45739,81018,-38651,-74519
"2017/2/15",外資及陸資,147425,89325,133547,81627,13878,7698,267322,183327,175274,33206,92048,150121
"2017/2/16",自營商,288411,40216,323616,42808,-35205,-2592,244901,23233,284538,39069,-39637,-15836
"2017/2/16",投信,288,229,492,962,-204,-733,7205,6380,46060,81393,-38855,-75013
"2017/2/16",外資及陸資,156840,88112,182676,102967,-25836,-14855,266773,173509,200663,38911,66110,134598
"2017/2/17",自營商,162263,20932,163399,21700,-1136,-768,259371,23726,300873,40471,-41502,-16745
"2017/2/17",投信,314,203,501,978,-187,-775,7360,6264,46402,81996,-39042,-75732
"2017/2/17",外資及陸資,94707,61278,100481,61740,-5774,-462,270305,172617,208968,38504,61337,134112
"2017/2/18",自營商,93040,10919,101453,8083,-8413,2836,265966,25621,315573,39602,-49607,-13980
"2017/2/18",投信,9,18,228,116,-219,-98,7133,6164,46394,82172,-39261,-76008
"2017/2/18",外資及陸資,13209,3163,13921,2874,-712,289,270786,173200,210078,38384,60708,134816
"2017/2/20",自營商,235971,27965,235615,33034,356,-5069,281841,26315,331194,45317,-49353,-19001
"2017/2/20",投信,267,147,277,524,-10,-377,7283,6137,46554,82363,-39271,-76225
"2017/2/20",外資及陸資,124100,70076,127292,74690,-3192,-4614,272470,170839,215122,40942,57348,129897
"2017/2/21",自營商,234529,28580,246562,26752,-12033,1828,297319,27504,358491,44697,-61172,-17193
"2017/2/21",投信,240,468,302,491,-62,-23,7224,6085,46557,82341,-39333,-76256
"2017/2/21",外資及陸資,124598,66661,128307,72757,-3709,-6096,278902,167347,225072,43513,53830,123834
"2017/2/22",自營商,329894,42731,341672,41415,-11778,1316,244327,25545,290978,41765,-46651,-16220
"2017/2/22",投信,373,731,274,152,99,579,6982,6002,46216,81800,-39234,-75798
"2017/2/22",外資及陸資,167369,85459,175593,91755,-8224,-6296,279150,165568,230396,47401,48754,118167
"2017/2/23",自營商,215578,29495,220399,33425,-4821,-3930,279109,24807,330233,44928,-51124,-20120
"2017/2/23",投信,102,200,216,286,-114,-86,6952,5998,46300,81805,-39348,-75806
"2017/2/23",外資及陸資,139167,85563,137724,78182,1443,7381,287421,170331,236902,44654,50519,125677
"2017/2/24",自營商,203826,28249,225094,27761,-21268,488,290454,25529,362731,44989,-72277,-19460
"2017/2/24",投信,27,53,677,991,-650,-938,6550,5537,46548,82180,-39998,-76644
"2017/2/24",外資及陸資,108642,70362,112256,71022,-3614,-660,302047,171580,255209,46455,46838,125126
"2017/3/1",自營商,347868,46492,390105,44747,-42237,1745,252836,26001,322613,43387,-69777,-17386
"2017/3/1",投信,123,239,1136,2092,-1013,-1853,6308,5026,47319,82914,-41011,-77888
"2017/3/1",外資及陸資,185480,95089,203221,113833,-17741,-18744,298810,162820,265024,57533,33786,105287
"2017/3/2",自營商,361437,46496,377475,46392,-16038,104,280175,26843,365679,44016,-85504,-17173
"2017/3/2",投信,483,941,241,430,242,511,6435,5273,47204,82722,-40769,-77449
"2017/3/2",外資及陸資,192177,107949,195790,111118,-3613,-3169,305285,160033,275222,57531,30063,102501
"2017/3/3",自營商,280236,35897,287268,34829,-7032,1068,301302,28171,393668,43999,-92366,-15827
"2017/3/3",投信,149,263,245,448,-96,-185,6361,5099,47226,82239,-40865,-77140
"2017/3/3",外資及陸資,146924,81166,145922,82140,1002,-974,315256,160352,284401,59782,30855,100570
"2017/3/6",自營商,266554,31770,235412,31451,31142,319,330917,27243,392118,42928,-61201,-15685
"2017/3/6",投信,484,912,313,254,171,658,6366,5134,47060,82029,-40694,-76895
"2017/3/6",外資及陸資,144499,76114,128292,68189,16207,7925,333739,165035,286228,55369,47511,109666
"2017/3/7",自營商,257341,33095,256461,31216,880,1879,335835,31793,396093,45456,-60258,-13663
"2017/3/7",投信,896,1676,345,317,551,1359,6687,5738,46830,81638,-40143,-75901
"2017/3/7",外資及陸資,115921,69739,119781,68509,-3860,1230,336743,163811,293109,52321,43634,111490
"2017/3/8",自營商,356126,41368,339511,40375,16615,993,272739,31483,330921,44197,-58182,-12714
"2017/3/8",投信,2997,5815,2242,4341,755,1474,6753,5873,46141,80445,-39388,-74572
"2017/3/8",外資及陸資,155923,84322,153993,84990,1930,-668,349127,165098,301177,53860,47950,111239
"2017/3/9",自營商,310753,50399,338214,53264,-27461,-2865,270898,32561,356299,48019,-85401,-15458
"2017/3/9",投信,5437,9515,6533,11624,-1096,-2109,6486,5302,46970,81239,-40484,-75937
"2017/3/9",外資及陸資,159244,98533,193317,117399,-34073,-18866,344452,153174,330702,61948,13750,91226
"2017/3/10",自營商,368699,58050,369602,59897,-903,-1847,278871,28522,364952,45601,-86081,-17080
"2017/3/10",投信,9858,17990,10002,18400,-144,-410,6423,5170,47050,81313,-40627,-76142
"2017/3/10",外資及陸資,223156,157435,251066,162643,-27910,-5208,338484,153189,352911,67456,-14427,85733
"2017/3/13",自營商,287797,48185,253111,42856,34686,5329,307882,32295,359483,43968,-51601,-11673
"2017/3/13",投信,22896,38971,22206,37656,690,1315,6415,5109,46352,80496,-39937,-75387
"2017/3/13",外資及陸資,185359,164723,174972,151922,10387,12801,347077,166430,351167,66651,-4090,99779
"2017/3/14",自營商,317984,55274,310678,51430,7306,3844,315468,36641,358421,44611,-42953,-7970
"2017/3/14",投信,13074,17614,11675,15092,1399,2522,7062,5738,45600,79058,-38538,-73320
"2017/3/14",外資及陸資,157356,133392,148159,129844,9197,3548,354808,166982,349866,62794,4942,104188
"2017/3/15",自營商,322360,56389,329476,58306,-7116,-1917,160299,16085,183893,32691,-23594,-16606
"2017/3/15",投信,893,1146,900,1140,-7,6,6508,5721,45233,78863,-38725,-73142
"2017/3/15",外資及陸資,115332,73015,123232,80011,-7900,-6996,219012,148806,190316,39272,28696,109534
"2017/3/16",自營商,269785,44240,272564,41632,-2779,2608,197919,22094,224342,36179,-26423,-14085
"2017/3/16",投信,1110,2133,166,326,944,1807,6537,5838,44318,78029,-37781,-72191
"2017/3/16",外資及陸資,148477,86892,138755,75035,9722,11857,240600,160524,202180,37298,38420,123225
"2017/3/17",自營商,210778,33926,231248,29350,-20470,4576,200826,25566,248014,35055,-47188,-9488
"2017/3/17",投信,549,1086,154,292,395,794,6721,6220,44107,77981,-37386,-71761
"2017/3/17",外資及陸資,96678,61229,97746,63186,-1068,-1957,246586,161339,208903,39273,37683,122066
"2017/3/20",自營商,227366,30074,240351,27926,-12985,2148,208321,25826,268617,33218,-60296,-7392
"2017/3/20",投信,266,527,125,247,141,280,6640,6062,43885,77593,-37245,-71530
"2017/3/20",外資及陸資,101621,57218,101781,58283,-160,-1065,250210,161281,212698,40048,37512,121234
"2017/3/21",自營商,359995,49586,329163,47239,30832,2347,249694,30809,278975,35880,-29281,-5071
"2017/3/21",投信,731,1455,139,276,592,1179,6767,6358,43420,77206,-36653,-70848
"2017/3/21",外資及陸資,124764,73866,118660,76195,6104,-2329,266931,168931,222890,48634,44041,120297
"2017/3/22",自營商,434925,51758,466037,53805,-31112,-2047,182484,24331,247847,31514,-65363,-7184
"2017/3/22",投信,225,222,788,1559,-563,-1337,6679,6139,43895,77844,-37216,-71704
"2017/3/22",外資及陸資,151928,81370,151837,86715,91,-5345,271983,163090,226836,48378,45147,114712
"2017/3/23",自營商,281264,49830,295339,49307,-14075,523,209177,25271,288715,31748,-79538,-6477
"2017/3/23",投信,400,347,614,1217,-214,-870,6842,6249,44272,78921,-37430,-72672
"2017/3/23",外資及陸資,94357,71378,97537,79277,-3180,-7899,274747,159285,232320,52065,42427,107220
"2017/3/24",自營商,215799,35220,226351,37330,-10552,-2110,216554,23224,306537,31715,-89983,-8491
"2017/3/24",投信,48,95,130,257,-82,-162,6806,6177,44318,78941,-37512,-72764
"2017/3/24",外資及陸資,110952,70434,110195,63976,757,6458,281169,162301,238498,48687,42671,113614
"2017/3/27",自營商,293584,42951,287921,48735,5663,-5784,243717,20721,328033,34933,-84316,-14212
"2017/3/27",投信,150,297,681,1339,-531,-1042,6743,6032,44786,79593,-38043,-73561
"2017/3/27",外資及陸資,124367,81155,123890,71665,477,9490,292137,172669,248741,49786,43396,122883
"2017/3/28",自營商,413504,64039,444074,64521,-30570,-482,243549,21679,359064,36678,-115515,-15000
"2017/3/28",投信,395,781,621,1224,-226,-443,6357,5276,44626,79421,-38269,-74145
"2017/3/28",外資及陸資,184344,105506,185357,113427,-1013,-7921,297046,168825,254602,53463,42444,115362
"2017/3/29",自營商,360546,43745,381989,42922,-21443,823,208394,20262,289884,34567,-81490,-14305
"2017/3/29",投信,544,1073,826,1407,-282,-334,6313,5400,44864,79696,-38551,-74297
"2017/3/29",外資及陸資,137283,71497,145201,76039,-7918,-4542,294990,163446,254018,52554,40972,110893
"2017/3/30",自營商,195144,30026,213561,32830,-18417,-2804,230731,19435,330616,36512,-99885,-17076
"2017/3/30",投信,203,395,178,229,25,166,6377,5511,44903,79553,-38526,-74041
"2017/3/30",外資及陸資,111904,70735,114114,66366,-2210,4369,303496,165194,264504,49977,38992,115216
"2017/3/31",自營商,223969,30717,229348,33882,-5379,-3165,244697,19315,349989,39481,-105292,-20166
"2017/3/31",投信,35,69,452,889,-417,-820,6177,5106,45120,79757,-38943,-74651
"2017/3/31",外資及陸資,99684,60332,116581,63594,-16897,-3262,300608,164195,278369,52389,22239,111805
"2017/4/5",自營商,415776,65668,382469,54429,33307,11239,222804,29459,294378,38674,-71574,-9215
"2017/4/5",投信,1517,3000,192,291,1325,2709,6431,5768,44049,78781,-37618,-73013
"2017/4/5",外資及陸資,155779,102257,153325,90800,2454,11457,308219,180503,272065,54823,36154,125680
"2017/4/6",自營商,251623,38850,302056,43229,-50433,-4379,227962,25525,349719,38892,-121757,-13367
"2017/4/6",投信,155,305,205,399,-50,-94,6485,5836,44153,78449,-37668,-72613
"2017/4/6",外資及陸資,108963,69222,136572,82702,-27609,-13480,304229,167457,294897,56353,9332,111104
"2017/4/7",自營商,521414,73726,532960,69169,-11546,4557,232852,27720,366072,36474,-133220,-8754
"2017/4/7",投信,360,653,1269,2467,-909,-1814,6181,5217,44758,79393,-38577,-74175
"2017/4/7",外資及陸資,235140,145651,265585,157973,-30445,-12322,300798,152152,321066,53688,-20268,98464
"2017/4/10",自營商,214419,30193,213077,28788,1342,1405,242896,28988,374310,36378,-131414,-7390
"2017/4/10",投信,191,368,104,194,87,174,6178,5214,44668,79320,-38490,-74106
"2017/4/10",外資及陸資,116816,69748,118779,66615,-1963,3133,302904,152955,324844,50491,-21940,102464
"2017/4/11",自營商,380834,57310,376099,63825,4735,-6515,263338,26974,389976,40752,-126638,-13778
"2017/4/11",投信,215,423,475,933,-260,-510,6119,5075,44869,79260,-38750,-74185
"2017/4/11",外資及陸資,164248,104403,181128,105077,-16880,-674,306738,153352,345454,52364,-38716,100987
"2017/4/12",自營商,390729,43344,389802,47685,927,-4341,239995,22452,322531,40581,-82536,-18129
"2017/4/12",投信,115,210,178,334,-63,-124,6083,5004,44896,79296,-38813,-74292
"2017/4/12",外資及陸資,140692,85751,140324,78762,368,6989,311376,158615,324080,50612,-12704,108004
"2017/4/13",自營商,352111,54924,330823,54275,21288,649,276894,27736,337664,45325,-60770,-17589
"2017/4/13",投信,5560,10926,5235,10218,325,708,6147,5142,44635,78968,-38488,-73826
"2017/4/13",外資及陸資,170736,115230,183797,110031,-13061,5199,322283,163207,348143,50066,-25860,113141
"2017/4/14",自營商,423929,75059,465108,74437,-41179,622,259983,24889,363032,41657,-103049,-16768
"2017/4/14",投信,9920,17474,8888,15455,1032,2019,6076,4939,45532,79666,-39456,-74727
"2017/4/14",外資及陸資,192099,100442,225493,118223,-33394,-17781,326819,154310,384239,56886,-57420,97424
"2017/4/17",自營商,352141,66828,359083,64006,-6942,2822,267425,27118,377753,41052,-110328,-13935
"2017/4/17",投信,23850,41100,23989,41337,-139,-237,6006,4806,45601,79820,-39595,-75013
"2017/4/17",外資及陸資,217673,180617,221386,178590,-3713,2027,341374,159384,402693,59848,-61319,99536
"2017/4/18",自營商,268082,53018,281484,45432,-13402,7586,281645,34727,405436,41131,-123791,-6404
"2017/4/18",投信,13376,19125,13249,18865,127,260,6022,4837,45490,79681,-39468,-74843
"2017/4/18",外資及陸資,163178,146298,175476,157848,-12298,-11550,338648,153895,411146,65720,-72498,88175
"2017/4/19",自營商,446524,80887,506664,78009,-60140,2878,174898,20246,254160,30698,-79262,-10453
"2017/4/19",投信,1631,1975,2027,3169,-396,-1194,6298,5059,46129,80254,-39831,-75195
"2017/4/19",外資及陸資,169498,107119,185107,118752,-15609,-11633,226936,129904,209423,48510,17513,81394
"2017/4/20",自營商,259720,31519,256222,32256,3498,-737,216030,20687,291289,31857,-75259,-11169
"2017/4/20",投信,131,252,449,651,-318,-399,6324,5109,46473,80641,-40149,-75532
"2017/4/20",外資及陸資,127924,79937,139729,74629,-11805,5308,231747,132104,226223,45901,5524,86203
"2017/4/21",自營商,288083,41312,270101,38988,17982,2324,248546,26229,306012,34928,-57466,-8699
"2017/4/21",投信,1355,2414,233,190,1122,2224,6276,5317,45303,79283,-39027,-73966
"2017/4/21",外資及陸資,128604,69410,141152,58543,-12548,10867,251327,135958,258546,38518,-7219,97440
"2017/4/24",自營商,319564,40303,322223,41839,-2659,-1536,254958,26574,315049,36944,-60091,-10371
"2017/4/24",投信,789,1537,102,198,687,1339,6508,5769,44848,78467,-38340,-72698
"2017/4/24",外資及陸資,138882,78721,138885,82791,-3,-4070,251944,136334,259341,42862,-7397,93471
"2017/4/25",自營商,431249,54549,392389,48148,38860,6401,303228,34603,324321,38639,-21093,-4037
"2017/4/25",投信,1039,2039,75,147,964,1892,6583,5976,43960,77596,-37377,-71621
"2017/4/25",外資及陸資,154437,102180,149152,84956,5285,17224,263668,148279,265388,36134,-1720,112145
"2017/4/26",自營商,443782,40822,437604,46574,6178,-5752,258076,30159,284356,39942,-26280,-9784
"2017/4/26",投信,701,1381,118,232,583,1149,6611,6043,43405,76717,-36794,-70674
"2017/4/26",外資及陸資,142074,80880,155771,80030,-13697,850,262306,151720,242387,38030,19919,113689
"2017/4/27",自營商,221610,28708,237766,29468,-16156,-760,280539,29739,322987,40434,-42448,-10695
"2017/4/27",投信,163,311,373,503,-210,-192,6607,6032,43611,76870,-37004,-70837
"2017/4/27",外資及陸資,107284,69013,128332,67349,-21048,1664,270778,154562,271546,38949,-768,115613
"2017/4/28",自營商,248287,36255,252088,34049,-3801,2206,296962,30788,343083,39184,-46121,-8396
"2017/4/28",投信,331,653,54,106,277,547,6651,6129,43378,76551,-36727,-70422
"2017/4/28",外資及陸資,124546,79673,131977,76678,-7431,2995,275272,159417,284050,40553,-8778,118864
"2017/5/2",自營商,314950,44326,292920,45030,22030,-704,321328,36168,345285,45234,-23957,-9067
"2017/5/2",投信,717,1425,142,245,575,1180,6702,6309,42854,76087,-36152,-69778
"2017/5/2",外資及陸資,126346,80332,119618,70908,6728,9424,286214,169428,288086,40036,-1872,129392
"2017/5/3",自營商,293286,30640,287299,31590,5987,-950,300169,36630,303535,46657,-3366,-10027
"2017/5/3",投信,419,341,94,149,325,192,6888,6454,42715,76097,-35827,-69643
"2017/5/3",外資及陸資,89719,50247,87396,49386,2323,861,290471,171358,283121,40601,7350,130757
"2017/5/4",自營商,190046,32425,223832,26032,-33786,6393,311083,41611,348255,45236,-37172,-3624
"2017/5/4",投信,50,99,94,187,-44,-88,6868,6427,42739,76312,-35871,-69885
"2017/5/4",外資及陸資,94825,59566,94996,58337,-171,1229,301400,172887,294135,40376,7265,132511
"2017/5/5",自營商,292026,39263,310068,45112,-18042,-5849,317392,34897,372283,44086,-54891,-9189
"2017/5/5",投信,112,157,1298,2349,-1186,-2192,6601,6048,43658,77613,-37057,-71565
"2017/5/5",外資及陸資,89551,69286,112559,75670,-23008,-6384,301622,165260,317592,40417,-15970,124843
"2017/5/8",自營商,278012,38267,280814,34174,-2802,4093,331256,38070,388283,43146,-57027,-5076
"2017/5/8",投信,222,411,388,527,-166,-116,6692,6250,43915,78198,-37223,-71948
"2017/5/8",外資及陸資,97641,70907,96092,73945,1549,-3038,308008,163209,322076,40038,-14068,123171
"2017/5/9",自營商,520266,68259,496259,69950,24007,-1691,364469,39938,397495,46773,-33026,-6835
"2017/5/9",投信,280,558,467,814,-187,-256,6599,6062,44009,78144,-37410,-72082
"2017/5/9",外資及陸資,189485,123456,163300,118375,26185,5081,337087,168786,324768,40511,12319,128275
"2017/5/10",自營商,368405,40426,361183,36699,7222,3727,334409,44551,344556,47536,-10147,-2986
"2017/5/10",投信,752,1391,298,568,454,823,6589,6061,43545,77651,-36956,-71590
"2017/5/10",外資及陸資,110122,70717,107679,67672,2443,3045,344240,172468,314537,39207,29703,133260
"2017/5/11",自營商,321303,53871,341141,45750,-19838,8121,344639,53327,374615,48256,-29976,5070
"2017/5/11",投信,6233,10545,5677,9447,556,1098,6567,6079,42967,76862,-36400,-70782
"2017/5/11",外資及陸資,125792,95559,131220,93696,-5428,1863,341916,175236,317171,38803,24745,136433
"2017/5/12",自營商,203149,28639,223361,31660,-20212,-3021,355232,50370,404794,48415,-49562,1955
"2017/5/12",投信,7443,13299,7579,13191,-136,108,6222,5943,42758,76567,-36536,-70624
"2017/5/12",外資及陸資,90681,76486,92041,76015,-1360,471,342595,175349,319394,38745,23201,136604
"2017/5/15",自營商,292490,52397,273727,50590,18763,1807,372768,53925,401364,48824,-28596,5101
"2017/5/15",投信,22185,42205,22220,42223,-35,-18,6231,5985,42818,76975,-36587,-70989
"2017/5/15",外資及陸資,149175,164846,142855,165405,6320,-559,360364,186350,331749,50056,28615,136294
"2017/5/16",自營商,269354,56926,270370,65356,-1016,-8430,378441,49124,408093,52455,-29652,-3332
"2017/5/16",投信,12056,15696,12093,15756,-37,-60,6174,5867,42798,76879,-36624,-71012
"2017/5/16",外資及陸資,117466,133859,126327,139136,-8861,-5277,359915,184390,340223,53347,19692,131043
"2017/5/17",自營商,383012,65364,373934,66312,9078,-948,202043,26241,239894,38305,-37851,-12064
"2017/5/17",投信,1475,2202,1676,2617,-201,-415,6119,5704,42841,76736,-36722,-71033
"2017/5/17",外資及陸資,111223,91757,126472,89258,-15249,2499,256031,162919,176715,34117,79316,128802
"2017/5/18",自營商,319301,46707,334536,48678,-15235,-1971,246964,29333,300025,43376,-53061,-14044
"2017/5/18",投信,127,252,935,1844,-808,-1592,5782,5026,43312,77455,-37530,-72428
"2017/5/18",外資及陸資,125316,102053,142982,93918,-17666,8135,269754,171713,207808,35037,61946,136676
"2017/5/19",自營商,172046,26353,196262,26851,-24216,-498,267047,28773,344363,43258,-77316,-14484
"2017/5/19",投信,111,221,91,181,20,40,5793,5040,43303,77291,-37510,-72251
"2017/5/19",外資及陸資,71030,53797,86823,62217,-15793,-8420,271357,166210,225087,38200,46270,128010
"2017/5/22",自營商,204746,34651,211266,25991,-6520,8660,283226,36198,367189,42102,-83963,-5903
"2017/5/22",投信,518,1033,650,1297,-132,-264,6031,5535,43673,78355,-37642,-72821
"2017/5/22",外資及陸資,77066,64218,79561,64539,-2495,-321,273267,165344,228951,37016,44316,128328
"2017/5/23",自營商,247899,37863,243929,36630,3970,1233,300655,37906,380553,42608,-79898,-4702
"2017/5/23",投信,138,276,125,250,13,26,5966,5418,43595,78361,-37629,-72943
"2017/5/23",外資及陸資,107118,81137,92253,76266,14865,4871,291367,171061,231864,37582,59503,133479
"2017/5/24",自營商,263711,32209,252540,29882,11171,2327,273481,41013,317557,43459,-44076,-2446
"2017/5/24",投信,50,98,77,154,-27,-56,5973,5442,43629,78628,-37656,-73186
"2017/5/24",外資及陸資,73201,58804,73077,56701,124,2103,292540,174373,224949,38428,67591,135945
"2017/5/25",自營商,300738,41646,309311,42297,-8573,-651,313967,45277,366770,48337,-52803,-3061
"2017/5/25",投信,879,1581,348,408,531,1173,5933,5707,43058,78353,-37125,-72645
"2017/5/25",外資及陸資,100180,81876,91255,69245,8925,12631,312737,190018,235698,40080,77039,149938
"2017/5/26",自營商,257801,34271,270805,39103,-13004,-4832,334140,40795,399830,48646,-65690,-7850
"2017/5/26",投信,61,100,724,733,-663,-633,5857,5525,43645,78706,-37788,-73181
"2017/5/26",外資及陸資,95070,74939,101341,85439,-6271,-10500,315108,181487,244564,42270,70544,139217
"2017/5/31",自營商,273834,42197,285362,42362,-11528,-165,295315,37761,350373,45738,-55058,-7978
"2017/5/31",投信,66,131,1035,2057,-969,-1926,5504,4806,44261,79440,-38757,-74634
"2017/5/31",外資及陸資,95046,79187,106174,93463,-11128,-14276,311519,175270,249499,51327,62020,123942
"2017/6/1",自營商,192006,33759,213050,26312,-21044,7447,315962,42622,391893,43203,-75931,-581
"2017/6/1",投信,707,1296,155,310,552,986,5516,4850,43721,78806,-38205,-73956
"2017/6/1",外資及陸資,72274,64412,73497,67895,-1223,-3483,314375,172406,253138,51323,61237,121083
"2017/6/2",自營商,246299,34608,252777,32303,-6478,2305,329025,46229,411601,44558,-82576,1671
"2017/6/2",投信,991,2007,63,128,928,1879,5958,5773,43235,78318,-37277,-72545
"2017/6/2",外資及陸資,89237,74280,87412,72461,1825,1819,320187,173054,257325,49197,62862,123857
"2017/6/3",自營商,123364,13990,125849,14751,-2485,-761,340676,47027,425621,46097,-84945,931
"2017/6/3",投信,37,74,79,160,-42,-86,5910,5688,43229,78477,-37319,-72789
"2017/6/3",外資及陸資,10152,4544,9857,3508,295,1036,322769,173978,259615,48789,63154,125189
"2017/6/5",自營商,322766,45812,300351,38718,22415,7094,362555,52903,425099,44871,-62544,8032
"2017/6/5",投信,657,1340,182,369,475,971,5901,5692,42745,77849,-36844,-72157
"2017/6/5",外資及陸資,95006,77635,99813,75892,-4807,1743,325014,175635,266808,47931,58206,127704
"2017/6/6",自營商,175121,23897,175273,25167,-152,-1270,363020,52174,425726,45434,-62706,6740
"2017/6/6",投信,64,131,199,358,-135,-227,5803,5532,42782,77791,-36979,-72259
"2017/6/6",外資及陸資,55006,48439,60553,50898,-5547,-2459,324085,174083,271267,49119,52818,124965
"2017/6/7",自營商,348431,43076,341277,46619,7154,-3543,335428,50494,393866,47337,-58438,3157
"2017/6/7",投信,163,332,211,324,-48,8,5889,5715,42916,78010,-37027,-72295
"2017/6/7",外資及陸資,108500,84994,102591,82746,5909,2248,324762,176034,264093,48763,60669,127271
"2017/6/8",自營商,186445,30309,200641,24237,-14196,6072,351898,55247,424432,46080,-72534,9167
"2017/6/8",投信,64,116,18,37,46,79,5919,5793,42899,78159,-36980,-72366
"2017/6/8",外資及陸資,66413,60048,71103,60647,-4690,-599,329609,178334,273493,51289,56116,127044
"2017/6/9",自營商,254143,32998,257378,40951,-3235,-7953,361682,50129,437264,48859,-75582,1271
"2017/6/9",投信,87,131,272,528,-185,-397,5744,5427,42909,78037,-37165,-72610
"2017/6/9",外資及陸資,90489,80322,85182,76923,5307,3399,336428,178930,275233,48841,61195,130089
"2017/6/12",自營商,403547,39891,386288,49370,17259,-9479,413356,46071,471724,54328,-58368,-8256
"2017/6/12",投信,94,163,1532,3046,-1438,-2883,5352,4619,43955,79585,-38603,-74966
"2017/6/12",外資及陸資,100630,92028,122358,92005,-21728,23,339890,181499,300136,52560,39754,128939
"2017/6/13",自營商,275790,43803,285943,41897,-10153,1906,427290,48197,495752,54507,-68462,-6310
"2017/6/13",投信,687,1213,148,173,539,1040,5380,4630,43444,78691,-38064,-74061
"2017/6/13",外資及陸資,80469,70873,83717,74340,-3248,-3467,342118,180284,305724,54574,36394,125709
"2017/6/14",自營商,653546,67157,707792,66994,-54246,163,360221,47272,460079,53408,-99858,-6136
"2017/6/14",投信,2375,4751,2871,5658,-496,-907,5315,4479,43875,78909,-38560,-74431
"2017/6/14",外資及陸資,173041,118626,185340,130444,-12299,-11818,331119,168451,306852,55560,24267,112891
"2017/6/15",自營商,289601,43627,319979,39181,-30378,4446,358094,48629,488307,50355,-130213,-1727
"2017/6/15",投信,5284,9605,5487,9798,-203,-193,5372,4596,44135,79296,-38763,-74700
"2017/6/15",外資及陸資,128019,100595,126446,101323,1573,-728,335755,172827,309911,60522,25844,112306
"2017/6/16",自營商,362579,52560,343638,56642,18941,-4082,384445,50466,495490,56257,-111045,-5791
"2017/6/16",投信,7972,14815,6179,11062,1793,3753,5687,5268,42657,76779,-36970,-71511
"2017/6/16",外資及陸資,138748,121110,129289,112676,9459,8434,341088,172295,305665,50363,35423,121932
"2017/6/19",自營商,389529,64985,363464,62311,26065,2674,416493,53342,501671,56546,-85178,-3204
"2017/6/19",投信,20964,38424,20347,36593,617,1831,5815,5559,42168,75934,-36353,-70375
"2017/6/19",外資及陸資,155428,149460,156325,150026,-897,-566,351911,183667,317354,60941,34557,122726
"2017/6/20",自營商,574256,76924,532534,76779,41722,145,442430,58152,484977,61290,-42547,-3138
"2017/6/20",投信,12819,19725,12529,18797,290,928,5739,5539,41802,75650,-36063,-70111
"2017/6/20",外資及陸資,194749,155301,180641,154786,14108,515,367478,188906,318776,64218,48702,124688
"2017/6/21",自營商,575919,84134,551174,86880,24745,-2746,186217,23874,271935,44483,-85718,-20609
"2017/6/21",投信,1916,1957,1176,1532,740,425,5819,5505,41187,75258,-35368,-69753
"2017/6/21",外資及陸資,191153,140234,182289,132578,8864,7656,236585,176152,130722,43412,105863,132740
"2017/6/22",自營商,278627,40913,302828,36609,-24201,4304,211256,28436,320932,44911,-109676,-16474
"2017/6/22",投信,417,834,76,146,341,688,5826,5556,40853,74994,-35027,-69439
"2017/6/22",外資及陸資,144220,96374,151867,99525,-7647,-3151,248887,176127,150988,45698,97899,130429
"2017/6/23",自營商,203548,29107,223067,34530,-19519,-5423,230976,27943,360110,49789,-129134,-21846
"2017/6/23",投信,905,1809,89,182,816,1627,6133,6138,40344,73839,-34211,-67701
"2017/6/23",外資及陸資,107760,78605,109165,80620,-1405,-2015,254361,173885,158084,45724,96277,128161
"2017/6/26",自營商,591834,83613,574018,71545,17816,12068,285043,42066,395900,52068,-110857,-10002
"2017/6/26",投信,1304,2657,57,94,1247,2563,6174,6335,39138,72589,-32964,-66254
"2017/6/26",外資及陸資,271159,164291,271653,172539,-494,-8248,272137,178295,175993,56012,96144,122283
"2017/6/27",自營商,359206,45851,382855,46068,-23649,-217,296579,43716,431000,53976,-134421,-10260
"2017/6/27",投信,217,450,103,214,114,236,6137,6251,38987,72182,-32850,-65931
"2017/6/27",外資及陸資,134150,97579,142044,108787,-7894,-11208,276584,175036,188504,64166,88080,110869
"2017/6/28",自營商,571868,62253,586700,68820,-14832,-6567,231763,37918,378033,54484,-146270,-16567
"2017/6/28",投信,51,105,741,1521,-690,-1416,5911,5727,39451,72393,-33540,-66667
"2017/6/28",外資及陸資,208041,133742,228217,133575,-20176,167,266449,175099,202436,65490,64013,109608
"2017/6/29",自營商,333802,43757,339135,42547,-5333,1210,265360,38694,416935,54099,-151575,-15405
"2017/6/29",投信,70,139,645,632,-575,-493,5584,5439,39699,72819,-34115,-67381
"2017/6/29",外資及陸資,148316,106172,163598,106129,-15282,43,271333,177624,222667,67592,48666,110032
"2017/6/30",自營商,321738,49342,339526,48052,-17788,1290,281692,39302,451082,53316,-169390,-14013
"2017/6/30",投信,106,202,508,1035,-402,-833,5631,5505,40148,73440,-34517,-67934
"2017/6/30",外資及陸資,157076,112004,167892,116012,-10816,-4008,281366,178036,243371,72349,37995,105687
"2017/7/3",自營商,282723,40912,267123,35084,15600,5828,303429,42867,457387,51036,-153958,-8169
"2017/7/3",投信,88,167,15,30,73,137,5686,5619,40130,73650,-34444,-68030
"2017/7/3",外資及陸資,127887,91856,132418,94796,-4531,-2940,282046,176419,248555,73311,33491,103108
"2017/7/4",自營商,415786,50871,398172,55159,17614,-4288,324025,41528,460676,53807,-136651,-12279
"2017/7/4",投信,69,135,387,791,-318,-656,5692,5586,40454,73791,-34762,-68206
"2017/7/4",外資及陸資,160317,110454,174803,113587,-14486,-3133,287338,174756,268669,75687,18669,99070
"2017/7/5",自營商,628486,70291,618047,68909,10439,1382,261699,40671,401038,51722,-139339,-11052
"2017/7/5",投信,661,1324,263,538,398,786,5689,5610,40053,73593,-34364,-67984
"2017/7/5",外資及陸資,189344,128395,192304,118477,-2960,9918,286721,182545,258118,72470,28603,110075
"2017/7/6",自營商,287290,44370,335439,42891,-48149,1479,280496,42773,468334,52278,-187838,-9506
"2017/7/6",投信,161,328,102,210,59,118,5728,5670,40033,73325,-34305,-67655
"2017/7/6",外資及陸資,143199,103678,161941,116779,-18742,-13101,281639,170180,271947,73608,9692,96573
"2017/7/7",自營商,305538,46202,317507,45562,-11969,640,293862,44265,493795,52969,-199933,-8703
"2017/7/7",投信,0,0,985,1991,-985,-1991,5569,5313,40859,74530,-35290,-69217
"2017/7/7",外資及陸資,151285,93814,161162,100938,-9877,-7124,282953,166391,283252,77551,-299,88840
"2017/7/10",自營商,326447,41880,309831,45487,16616,-3607,316931,42280,500345,54620,-183414,-12340
"2017/7/10",投信,161,307,180,312,-19,-5,5607,5397,40916,74674,-35309,-69277
"2017/7/10",外資及陸資,137636,88340,142218,86597,-4582,1743,285766,168368,290562,77660,-4796,90709
"2017/7/11",自營商,493434,71710,434035,59769,59399,11941,372182,54091,496334,54710,-124152,-619
"2017/7/11",投信,1801,3660,115,173,1686,3487,5870,5995,39493,72691,-33623,-66695
"2017/7/11",外資及陸資,176550,119996,174496,113532,2054,6464,294775,176611,297374,77862,-2599,98749
"2017/7/12",自營商,492207,49986,484917,51697,7290,-1711,290573,50545,422084,52918,-131511,-2374
"2017/7/12",投信,1395,2838,1154,2248,241,590,6115,6520,39497,72603,-33382,-66083
"2017/7/12",外資及陸資,167689,94389,196945,104867,-29256,-10478,285067,170568,319308,82297,-34241,88271
"2017/7/13",自營商,436023,66492,412690,62075,23333,4417,330176,53501,437931,51326,-107755,2175
"2017/7/13",投信,4756,8851,4067,7365,689,1486,6172,6687,38865,71803,-32693,-65116
"2017/7/13",外資及陸資,195069,137913,194408,130801,661,7112,291400,166389,324966,70198,-33566,96191
"2017/7/14",自營商,205480,35569,229030,34876,-23550,693,337598,54378,468756,51499,-131158,2879
"2017/7/14",投信,4931,9225,4929,9129,2,96,6188,6703,38879,71624,-32691,-64920
"2017/7/14",外資及陸資,108074,82293,117748,86131,-9674,-3838,290425,162896,333681,70767,-43256,92129
"2017/7/17",自營商,357423,67908,344568,65378,12855,2530,362330,56610,480539,51150,-118209,5460
"2017/7/17",投信,20699,40524,20623,40003,76,521,6246,6801,38861,71398,-32615,-64597
"2017/7/17",外資及陸資,200569,178022,204552,182027,-3983,-4005,297797,172147,345144,83727,-47347,88420
"2017/7/18",自營商,282809,56723,269603,50985,13206,5738,387715,63618,492805,52497,-105090,11121
"2017/7/18",投信,13149,18727,12913,18221,236,506,6276,6839,38655,71095,-32379,-64255
"2017/7/18",外資及陸資,132964,131991,140215,134120,-7251,-2129,295611,165911,350225,79283,-54614,86628
"2017/7/19",自營商,616388,78942,517955,94333,98433,-15391,195812,27683,233696,45102,-37884,-17419
"2017/7/19",投信,1265,1010,1064,1462,201,-452,6607,7036,38665,71733,-32058,-64697
"2017/7/19",外資及陸資,180571,109641,184402,105546,-3831,4095,213800,148321,186043,48549,27757,99772
"2017/7/20",自營商,213446,33023,248626,32256,-35180,767,219732,28344,292972,45001,-73240,-16657
"2017/7/20",投信,106,220,125,208,-19,12,6653,7171,38730,71897,-32077,-64726
"2017/7/20",外資及陸資,108241,71642,128676,77532,-20435,-5890,220580,144947,213197,50983,7383,93965
"2017/7/21",自營商,235988,36534,266034,38538,-30046,-2004,236048,29193,339471,47704,-103423,-18511
"2017/7/21",投信,5,3,668,1380,-663,-1377,6607,7025,39347,72732,-32740,-65707
"2017/7/21",外資及陸資,110149,74529,122419,80277,-12270,-5748,218882,141339,223576,53794,-4694,87545
"2017/7/24",自營商,289399,35649,261797,36006,27602,-357,274511,29284,350374,48242,-75863,-18958
"2017/7/24",投信,157,324,619,1275,-462,-951,6442,6703,39644,73569,-33202,-66867
"2017/7/24",外資及陸資,120080,85647,116399,74189,3681,11458,226167,149079,226797,49683,-630,99396
"2017/7/25",自營商,249507,37828,259117,30667,-9610,7161,280411,34646,365990,46522,-85579,-11876
"2017/7/25",投信,103,208,119,246,-16,-38,6428,6669,39646,73588,-33218,-66920
"2017/7/25",外資及陸資,118152,72135,126463,81266,-8311,-9131,224171,142667,232765,52325,-8594,90342
"2017/7/26",自營商,453241,62983,458340,65408,-5099,-2425,234831,32408,324143,46647,-89312,-14239
"2017/7/26",投信,750,1548,99,191,651,1357,6708,7214,39275,72581,-32567,-65367
"2017/7/26",外資及陸資,167819,102534,176896,106005,-9077,-3471,224084,143923,232218,57399,-8134,86524
"2017/7/27",自營商,405121,54508,359101,55325,46020,-817,297725,32761,340947,47994,-43222,-15233
"2017/7/27",投信,576,1202,341,194,235,1008,6466,7299,38798,72399,-32332,-65099
"2017/7/27",外資及陸資,152876,106579,143168,88701,9708,17878,241625,160948,240095,55359,1530,105589
"2017/7/28",自營商,308886,55727,366438,51575,-57552,4152,286718,37183,387731,48073,-101013,-10891
"2017/7/28",投信,62,129,1513,2774,-1451,-2645,5959,6211,39742,73278,-33783,-67067
"2017/7/28",外資及陸資,150869,93393,189550,114994,-38681,-21601,233493,146292,270387,63469,-36894,82823
"2017/7/31",自營商,329288,39530,309372,40836,19916,-1306,313716,35886,394940,48156,-81224,-12270
"2017/7/31",投信,137,284,476,983,-339,-699,5958,6211,40080,74059,-34122,-67847
"2017/7/31",外資及陸資,145040,88414,150141,85479,-5101,2935,239703,146516,281188,60582,-41485,85934
"2017/8/1",自營商,353626,49351,339095,49416,14531,-65,318780,34814,385324,47295,-66544,-12480
"2017/8/1",投信,759,1576,183,292,576,1284,6073,6460,39619,73106,-33546,-66645
"2017/8/1",外資及陸資,144659,95616,146888,98737,-2229,-3121,241217,142202,284432,59222,-43215,82980
"2017/8/2",自營商,461075,55843,418168,52372,42907,3471,277841,36009,334075,45285,-56234,-9276
"2017/8/2",投信,621,1291,87,182,534,1109,6274,6927,39286,73021,-33012,-66095
"2017/8/2",外資及陸資,155738,98136,147819,86184,7919,11952,250132,154596,273653,58733,-23521,95863
"2017/8/3",自營商,337183,56633,382970,53424,-45787,3209,307287,40688,409542,46651,-102255,-5964
"2017/8/3",投信,291,518,912,1856,-621,-1338,5894,6117,39527,73287,-33633,-67170
"2017/8/3",外資及陸資,176582,119745,213643,125816,-37061,-6071,255593,150727,315766,61480,-60173,89248
"2017/8/4",自營商,199720,29793,197589,25371,2131,4422,324083,44132,424278,45742,-100195,-1610
"2017/8/4",投信,105,192,27,32,78,160,5906,6153,39461,73366,-33555,-67213
"2017/8/4",外資及陸資,106602,69622,115064,66620,-8462,3002,263998,155038,332833,62517,-68835,92521
"2017/8/7",自營商,339026,41485,300351,40459,38675,1026,356213,46376,417792,47112,-61579,-735
"2017/8/7",投信,696,1441,36,52,660,1389,5977,6353,38872,72760,-32895,-66408
"2017/8/7",外資及陸資,128349,75762,133097,72743,-4748,3019,274674,161546,348242,65073,-73568,96473
"2017/8/8",自營商,377431,47523,398458,44298,-21027,3225,362523,49846,445140,47275,-82617,2570
"2017/8/8",投信,125,243,122,237,3,6,5997,6393,38889,72764,-32892,-66371
"2017/8/8",外資及陸資,141631,91505,160090,96165,-18459,-4660,273485,157896,365962,66148,-92477,91748
"2017/8/9",自營商,526892,62248,579974,68921,-53082,-6673,320410,46745,418110,50678,-97700,-3933
"2017/8/9",投信,249,455,578,1172,-329,-717,6139,6658,39360,73302,-33221,-66644
"2017/8/9",外資及陸資,197494,107471,223799,110408,-26305,-2937,266521,154145,366223,66134,-99702,88011
"2017/8/10",自營商,565382,71816,546118,80750,19264,-8934,365908,40653,444561,53277,-78653,-12623
"2017/8/10",投信,2902,4970,4173,7148,-1271,-2178,6046,6393,40538,74420,-34492,-68027
"2017/8/10",外資及陸資,253274,144865,334857,157736,-81583,-12871,264746,142041,446262,68044,-181516,73996
"2017/8/11",自營商,469659,61040,459177,63112,10482,-2072,395301,39824,463591,54572,-68290,-14747
"2017/8/11",投信,6110,11515,6126,11544,-16,-29,6099,6439,40607,74304,-34508,-67865
"2017/8/11",外資及陸資,224645,140037,258104,136304,-33459,3733,273935,148871,488700,70869,-214765,78003
"2017/8/14",自營商,446982,70585,459710,75469,-12728,-4884,413550,42148,495608,61529,-82058,-19381
"2017/8/14",投信,21075,41191,23254,43002,-2179,-1811,5973,6167,42660,75339,-36687,-69172
"2017/8/14",外資及陸資,285926,210249,276702,205197,9224,5052,272801,137023,478752,54740,-205951,82282
"2017/8/15",自營商,442029,82051,432584,70682,9445,11369,427346,43966,497883,52163,-70537,-8197
"2017/8/15",投信,15512,20983,15269,20789,243,194,5978,6224,42398,75684,-36420,-69460
"2017/8/15",外資及陸資,238357,176708,239388,181400,-1031,-4692,283121,145319,490211,67082,-207090,78237
"2017/8/16",自營商,637572,103853,657103,97329,-19531,6524,258474,29844,291805,43042,-33331,-13198
"2017/8/16",投信,1933,1794,1539,1633,394,161,6233,6400,41057,75508,-34824,-69107
"2017/8/16",外資及陸資,269937,133718,272070,139218,-2133,-5500,232037,130821,265653,51159,-33616,79661
"2017/8/17",自營商,345741,47525,346039,48168,-298,-643,324856,33659,358494,47657,-33638,-13998
"2017/8/17",投信,673,1386,39,80,634,1306,6321,6626,40511,74924,-34190,-68297
"2017/8/17",外資及陸資,149862,100030,153137,88266,-3275,11764,248306,142259,284794,50197,-36488,92062
"2017/8/18",自營商,340800,52397,376288,51523,-35488,874,345731,34532,414817,47572,-69086,-13039
"2017/8/18",投信,250,511,134,274,116,237,6334,6628,40408,74426,-34074,-67798
"2017/8/18",外資及陸資,170504,115661,185430,115447,-14926,214,248084,139250,299378,47405,-51294,91846
"2017/8/21",自營商,275222,41437,266984,38449,8238,2988,364221,37499,425066,47583,-60845,-10084
"2017/8/21",投信,87,179,52,107,35,72,6337,6642,40376,74445,-34039,-67803
"2017/8/21",外資及陸資,146722,102928,148060,100384,-1338,2544,252875,141439,305537,46931,-52662,94508
"2017/8/22",自營商,355080,42979,311268,48859,43812,-5880,425277,38571,441883,54678,-16606,-16107
"2017/8/22",投信,590,1220,52,108,538,1112,6440,6905,39941,74122,-33501,-67217
"2017/8/22",外資及陸資,160108,98873,145864,89852,14244,9021,274577,150976,312886,46596,-38309,104379
"2017/8/23",自營商,499188,55015,502765,55608,-3577,-593,348660,35589,353818,52288,-5158,-16698
"2017/8/23",投信,361,712,176,359,185,353,6420,6876,39736,73807,-33316,-66931
"2017/8/23",外資及陸資,171431,101313,182092,106917,-10661,-5604,268875,148621,305717,49981,-36842,98640
"2017/8/24",自營商,349604,45139,323199,45998,26405,-859,401585,39605,380352,57375,21233,-17770
"2017/8/24",投信,780,1630,34,71,746,1559,6474,7042,39044,72987,-32570,-65945
"2017/8/24",外資及陸資,143340,108653,135148,87444,8192,21209,293722,169890,322739,48939,-29017,120951
"2017/8/25",自營商,342920,44077,367723,40723,-24803,3354,411285,41550,414858,56093,-3573,-14543
"2017/8/25",投信,445,933,133,278,312,655,6546,7225,38804,72762,-32258,-65537
"2017/8/25",外資及陸資,151763,97827,158828,99726,-7065,-1899,304284,169917,340454,50367,-36170,119551
"2017/8/28",自營商,274991,38074,273809,40049,1182,-1975,419770,40942,421831,57400,-2061,-16459
"2017/8/28",投信,618,462,1279,2669,-661,-2207,6861,7508,39980,75276,-33119,-67768
"2017/8/28",外資及陸資,151222,98345,156919,95216,-5697,3129,315898,174710,357615,52095,-41717,122615
"2017/8/29",自營商,317711,44368,336638,47318,-18927,-2950,431364,39830,452484,59137,-21120,-19308
"2017/8/29",投信,28,59,192,401,-164,-342,6711,7176,39994,75124,-33283,-67948
"2017/8/29",外資及陸資,154925,103136,164181,105589,-9256,-2453,312673,169813,363841,50014,-51168,119799
"2017/8/30",自營商,530981,56217,479801,58042,51180,-1825,409264,42955,381577,64297,27687,-21342
"2017/8/30",投信,198,416,718,1512,-520,-1096,6793,7392,40596,76864,-33803,-69471
"2017/8/30",外資及陸資,204702,126648,202528,120352,2174,6296,322935,180892,366733,53909,-43798,126983
"2017/8/31",自營商,294286,41096,293474,39927,812,1169,441752,41893,413287,62082,28465,-20189
"2017/8/31",投信,65,137,308,645,-243,-508,6758,7334,40804,77445,-34046,-70110
"2017/8/31",外資及陸資,141590,102050,144589,103435,-2999,-1385,331524,182557,378503,56703,-46979,125854
"2017/9/1",自營商,283171,38741,255636,39258,27535,-517,473630,44324,417367,65132,56263,-20808
"2017/9/1",投信,115,232,82,173,33,59,6748,7329,40761,77538,-34013,-70208
"2017/9/1",外資及陸資,116762,87181,114478,79707,2284,7474,340567,190190,385124,56521,-44557,133669
"2017/9/4",自營商,234941,34528,237574,36527,-2633,-1999,479378,43386,425453,66080,53925,-22693
"2017/9/4",投信,64,135,120,253,-56,-118,6663,7139,40732,77318,-34069,-70179
"2017/9/4",外資及陸資,119158,82153,122821,77796,-3663,4357,341894,192983,390019,55258,-48125,137725
"2017/9/5",自營商,270971,47762,307634,44643,-36663,3119,464164,44214,446734,63928,17430,-19714
"2017/9/5",投信,178,143,1843,3499,-1665,-3356,6520,7159,42254,80890,-35734,-73731
"2017/9/5",外資及陸資,123892,90125,134975,94561,-11083,-4436,340494,190591,399794,56856,-59300,133734
"2017/9/6",自營商,500247,68085,535108,72370,-34861,-4285,439137,42949,427478,66716,11659,-23767
"2017/9/6",投信,29,61,1348,2836,-1319,-2775,6363,6790,43416,82866,-37053,-76076
"2017/9/6",外資及陸資,197261,126580,213428,130399,-16167,-3819,337351,185622,407957,56565,-70606,129057
"2017/9/7",自營商,359140,49821,351396,53749,7744,-3928,491099,41975,471552,69458,19547,-27483
"2017/9/7",投信,176,139,1445,2799,-1269,-2660,6145,6534,44467,85056,-38322,-78522
"2017/9/7",外資及陸資,155921,117357,164264,116277,-8343,1080,344614,189598,423612,59879,-78998,129719
"2017/9/8",自營商,370888,59250,336757,56587,34131,2663,542886,44259,488286,69371,54600,-25112
"2017/9/8",投信,422,715,2659,5418,-2237,-4703,6231,6944,46790,90619,-40559,-83675
"2017/9/8",外資及陸資,168865,124824,161293,105594,7572,19230,363239,207580,434712,57758,-71473,149821
"2017/9/11",自營商,405057,65027,447709,60473,-42652,4554,521676,46224,510046,66778,11630,-20554
"2017/9/11",投信,375,766,777,1565,-402,-799,6275,7041,47235,91607,-40960,-84565
"2017/9/11",外資及陸資,186392,124664,213165,139655,-26773,-14991,350921,195439,448994,60418,-98073,135022
"2017/9/12",自營商,340037,39349,342654,38631,-2617,718,540757,47523,531823,67406,8934,-19883
"2017/9/12",投信,72,128,392,688,-320,-560,6138,6767,47418,92100,-41280,-85333
"2017/9/12",外資及陸資,162983,99035,156179,95097,6804,3938,364685,197990,456103,58639,-91418,139351
"2017/9/13",自營商,476685,59349,521585,62042,-44900,-2693,471271,46960,478259,69244,-6988,-22285
"2017/9/13",投信,1541,3233,2748,5769,-1207,-2536,5774,5960,48261,93272,-42487,-87313
"2017/9/13",外資及陸資,193152,119165,211847,129285,-18695,-10120,354533,196764,464271,68629,-109738,128136
"2017/9/14",自營商,266316,41480,243541,40485,22775,995,507069,48878,491317,70226,15752,-21348
"2017/9/14",投信,5281,9230,5441,9583,-160,-353,6172,5864,48819,93602,-42647,-87738
"2017/9/14",外資及陸資,141724,115684,145068,111112,-3344,4572,360880,199504,474083,66655,-113203,132849
"2017/9/15",自營商,339997,54937,355635,53810,-15638,1127,512547,48672,512397,69071,150,-20400
"2017/9/15",投信,7248,14349,7219,14254,29,95,6193,5925,48809,93872,-42616,-87948
"2017/9/15",外資及陸資,159763,140799,162164,133287,-2401,7512,369273,204632,485140,63682,-115867,140949
"2017/9/18",自營商,423546,77068,400154,77104,23392,-36,544328,53973,520850,74556,23478,-20583
"2017/9/18",投信,26117,51682,25163,49555,954,2127,6410,6426,48072,92851,-41662,-86425
"2017/9/18",外資及陸資,192435,165476,188881,158694,3554,6782,384297,227403,496918,78574,-112621,148828
"2017/9/19",自營商,384388,83455,465790,74422,-81402,9033,527656,60735,585751,72094,-58095,-11358
"2017/9/19",投信,12638,19877,13254,21071,-616,-1194,6136,5887,48414,93014,-42278,-87127
"2017/9/19",外資及陸資,214169,187296,227439,214467,-13270,-27171,392405,217942,518518,97122,-126113,120819
"2017/9/20",自營商,668271,100221,692844,108820,-24573,-8599,278784,29053,286964,54625,-8180,-25571
"2017/9/20",投信,1537,1804,2965,4428,-1428,-2624,5922,5161,49628,94550,-43706,-89389
"2017/9/20",外資及陸資,248956,159555,254761,157133,-5805,2422,246264,174082,290509,56333,-44245,117748
"2017/9/21",自營商,347821,52863,314031,49140,33790,3723,344593,32823,318775,54965,25818,-22142
"2017/9/21",投信,711,1503,33,70,678,1433,5953,5253,48981,93728,-43028,-88475
"2017/9/21",外資及陸資,171186,127058,175760,118197,-4574,8861,260127,183562,309351,56140,-49224,127421
"2017/9/22",自營商,418658,61050,474544,68240,-55886,-7190,352413,33097,382671,61833,-30258,-28736
"2017/9/22",投信,422,891,1068,2212,-646,-1321,6023,5353,49697,93969,-43674,-88616
"2017/9/22",外資及陸資,196913,126837,224454,146122,-27541,-19285,262290,172116,338141,65887,-75851,106229
"2017/9/25",自營商,544498,68519,569374,70106,-24876,-1587,379824,33686,435236,63568,-55412,-29882
"2017/9/25",投信,857,813,1393,2813,-536,-2000,5886,5096,50096,94859,-44210,-89763
"2017/9/25",外資及陸資,252200,150579,264151,156017,-11951,-5438,266363,168640,353768,69064,-87405,99576
"2017/9/26",自營商,562462,72379,577274,75410,-14812,-3031,409642,35586,479864,68185,-70222,-32598
"2017/9/26",投信,389,683,805,1657,-416,-974,5849,4990,50475,95120,-44626,-90130
"2017/9/26",外資及陸資,233045,147113,229473,146078,3572,1035,276901,168821,360221,69011,-83320,99810
"2017/9/27",自營商,555945,67187,526454,62250,29491,4937,360752,33492,376641,61497,-15889,-28005
"2017/9/27",投信,2706,4745,495,182,2211,4563,5833,4982,48248,91079,-42415,-86098
"2017/9/27",外資及陸資,202306,107428,202246,106364,60,1064,262759,166223,349247,64505,-86488,101719
"2017/9/28",自營商,341757,54137,343594,54595,-1837,-458,402400,34353,420342,62806,-17942,-28453
"2017/9/28",投信,2234,4604,383,351,1851,4253,5917,5151,46481,86842,-40564,-81691
"2017/9/28",外資及陸資,184159,141998,197676,151151,-13517,-9153,265794,164098,365624,71691,-99830,92407
"2017/9/29",自營商,314118,53318,292947,54965,21171,-1647,430502,32653,427379,62749,3123,-30096
"2017/9/29",投信,188,388,378,778,-190,-390,5931,5187,46685,87373,-40754,-82186
"2017/9/29",外資及陸資,147017,98112,146874,95044,143,3068,272614,166546,372014,70918,-99400,95628
"2017/9/30",自營商,224852,35603,215248,31707,9604,3896,442442,34675,429816,61220,12626,-26544
"2017/9/30",投信,1268,2618,30,62,1238,2556,6133,5634,45649,85754,-39516,-80120
"2017/9/30",外資及陸資,39849,14882,35561,13776,4288,1106,276414,167656,371525,70130,-95111,97526
"2017/10/2",自營商,379886,64831,367727,62295,12159,2536,457232,38807,432581,63050,24651,-24243
"2017/10/2",投信,2040,4263,5,10,2035,4253,6166,5738,43647,82146,-37481,-76409
"2017/10/2",外資及陸資,141875,85979,123687,76562,18188,9417,295182,171226,372339,63440,-77157,107786
"2017/10/3",自營商,340545,62973,362347,55360,-21802,7613,467592,43939,464679,60589,2913,-16650
"2017/10/3",投信,1204,2519,145,303,1059,2216,6109,5633,42531,79921,-36422,-74288
"2017/10/3",外資及陸資,146207,88450,144299,92048,1908,-3598,298174,168723,373540,64381,-75366,104342
"2017/10/5",自營商,459256,57928,419399,60871,39857,-2943,384704,39434,383385,59265,1319,-19831
"2017/10/5",投信,1437,2173,942,1057,495,1116,6173,5801,42100,79267,-35927,-73466
"2017/10/5",外資及陸資,147797,89542,143832,79068,3965,10474,298130,179412,367913,64088,-69783,115325
"2017/10/6",自營商,299348,36253,311450,33436,-12102,2817,409544,41288,420317,58369,-10773,-17081
"2017/10/6",投信,226,334,99,208,127,126,6369,6082,42169,79553,-35800,-73471
"2017/10/6",外資及陸資,118194,79418,118779,79335,-585,83,302343,176768,372693,61107,-70350,115661
"2017/10/11",自營商,719759,103845,675103,100085,44656,3760,409292,42147,387368,55603,21924,-13456
"2017/10/11",投信,1345,2010,484,184,861,1826,6400,6208,41339,78633,-34939,-72425
"2017/10/11",外資及陸資,261182,159154,255666,146099,5516,13055,327491,196030,393622,65817,-66131,130213
"2017/10/12",自營商,350405,67654,339774,62331,10631,5323,430862,45841,397051,54109,33811,-8268
"2017/10/12",投信,5144,9671,4854,8633,290,1038,6358,6156,41007,78001,-34649,-71845
"2017/10/12",外資及陸資,159551,95749,161366,93015,-1815,2734,341308,202920,409254,68934,-67946,133986
"2017/10/13",自營商,280912,64723,297116,60700,-16204,4023,433305,50111,414999,54404,18306,-4293
"2017/10/13",投信,6848,13146,6905,13247,-57,-101,6283,6001,40989,78035,-34706,-72033
"2017/10/13",外資及陸資,111433,82514,121322,85624,-9889,-3110,343345,208133,421194,77088,-77849,131045
"2017/10/16",自營商,370434,67962,362814,68906,7620,-944,455469,52043,430011,57378,25458,-5334
"2017/10/16",投信,19969,39905,19752,39346,217,559,6236,5970,40725,77757,-34489,-71787
"2017/10/16",外資及陸資,200450,168947,205939,173629,-5489,-4682,358894,231846,442232,104744,-83338,127102
"2017/10/17",自營商,360813,73508,339552,77517,21261,-4009,477668,47965,429566,57207,48102,-9242
"2017/10/17",投信,13473,20904,13751,21352,-278,-448,6099,5798,40866,77848,-34767,-72049
"2017/10/17",外資及陸資,201113,190181,203441,189099,-2328,1082,363677,232816,449351,105083,-85674,127733
"2017/10/18",自營商,554699,85223,546236,85631,8463,-408,300446,27546,246897,47833,53549,-20287
"2017/10/18",投信,1600,1175,1408,1114,192,61,6295,5855,40869,77903,-34574,-72048
"2017/10/18",外資及陸資,229906,128544,221169,123293,8737,5251,247546,184084,284062,51710,-36516,132375
"2017/10/19",自營商,329509,51230,313548,50684,15961,546,369749,28791,300617,48643,69132,-19852
"2017/10/19",投信,822,1770,11,24,811,1746,6435,6170,40198,76728,-33763,-70558
"2017/10/19",外資及陸資,151043,97458,148074,99542,2969,-2084,264619,187710,297972,56842,-33353,130867
"2017/10/20",自營商,323859,48553,341239,53154,-17380,-4601,396433,27516,344999,51879,51434,-24362
"2017/10/20",投信,32,68,123,258,-91,-190,6387,6059,40241,76593,-33854,-70534
"2017/10/20",外資及陸資,165019,111985,162512,109157,2507,2828,274722,190279,305349,57062,-30627,133217
"2017/10/23",自營商,295105,50855,320489,44040,-25384,6815,400024,32365,374213,50023,25811,-17658
"2017/10/23",投信,99,213,42,90,57,123,6408,6107,40205,76561,-33797,-70454
"2017/10/23",外資及陸資,147019,93674,152052,99411,-5033,-5737,275025,185008,310715,57408,-35690,127600
"2017/10/24",自營商,249933,33571,248508,36404,1425,-2833,414483,30004,387406,50560,27077,-20556
"2017/10/24",投信,879,1889,103,221,776,1668,6474,6253,39495,75085,-33021,-68833
"2017/10/24",外資及陸資,117819,76978,130078,75217,-12259,1761,281535,189205,329484,59741,-47949,129465
"2017/10/25",自營商,382575,50350,383421,50276,-846,74,353968,29598,308719,50175,45249,-20576
"2017/10/25",投信,569,271,1111,437,-542,-166,6414,6132,39977,75089,-33563,-68957
"2017/10/25",外資及陸資,160398,97945,174433,105553,-14035,-7608,273964,182258,334118,60468,-60154,121789
"2017/10/26",自營商,258008,36117,250624,39036,7384,-2919,391346,26824,338407,50429,52939,-23606
"2017/10/26",投信,324,695,160,343,164,352,6290,5862,39689,74387,-33399,-68525
"2017/10/26",外資及陸資,127055,90271,134240,89130,-7185,1141,284277,185303,351616,62521,-67339,122781
"2017/10/27",自營商,407054,62961,421362,62106,-14308,855,416789,29499,378375,52009,38414,-22509
"2017/10/27",投信,127,272,836,1453,-709,-1181,5782,5105,39890,74714,-34108,-69609
"2017/10/27",外資及陸資,155179,112798,178348,114958,-23169,-2160,292349,185754,382863,65407,-90514,120347
"2017/10/30",自營商,420485,65422,443263,61387,-22778,4035,428455,30188,413328,48918,15127,-18730
"2017/10/30",投信,1135,2442,16,34,1119,2408,6017,5626,39006,73078,-32989,-67452
"2017/10/30",外資及陸資,204384,142189,201245,136231,3139,5958,304488,193698,391863,66791,-87375,126907
"2017/10/31",自營商,367328,52663,370032,44602,-2704,8061,444345,36647,432130,47492,12215,-10845
"2017/10/31",投信,93,200,227,487,-134,-287,5868,5321,38991,73291,-33123,-67970
"2017/10/31",外資及陸資,137166,92962,147636,95890,-10470,-2928,309909,194690,407745,70171,-97836,124519
"2017/11/1",自營商,419006,46467,428232,47386,-9226,-919,391674,35506,362280,47407,29394,-11901
"2017/11/1",投信,1366,1009,508,175,858,834,5990,5604,38255,72901,-32265,-67297
"2017/11/1",外資及陸資,157509,95505,176836,104317,-19327,-8812,305838,187536,410093,71434,-104255,116102
"2017/11/2",自營商,270515,40089,280962,42512,-10447,-2423,416499,35366,397531,49659,18968,-14293
"2017/11/2",投信,128,276,265,571,-137,-295,5859,5308,38261,72726,-32402,-67418
"2017/11/2",外資及陸資,131478,86641,135871,86126,-4393,515,314561,187663,423128,71419,-108567,116244
"2017/11/3",自營商,242176,42619,275533,40004,-33357,2615,424352,38951,439094,50655,-14742,-11703
"2017/11/3",投信,43,93,386,832,-343,-739,5786,5151,38531,73346,-32745,-68195
"2017/11/3",外資及陸資,121735,86428,130986,92102,-9251,-5674,317490,184096,435308,73421,-117818,110675
"2017/11/6",自營商,320293,46803,320674,46357,-381,446,443009,42739,458474,53992,-15465,-11253
"2017/11/6",投信,699,1496,162,334,537,1162,6028,5668,38236,72608,-32208,-66940
"2017/11/6",外資及陸資,164564,116732,179037,121236,-14473,-4504,320614,182841,452899,76900,-132285,105941
"2017/11/7",自營商,346583,44666,333425,39513,13158,5153,463984,45393,466643,51560,-2659,-6167
"2017/11/7",投信,894,1890,502,1043,392,847,6047,5736,37863,72155,-31816,-66418
"2017/11/7",外資及陸資,140636,89191,143680,80838,-3044,8353,330568,184990,465897,70026,-135329,114964
"2017/11/8",自營商,320549,40469,322736,41013,-2187,-544,417062,45000,407332,51715,9730,-6715
"2017/11/8",投信,586,34,562,41,24,-7,6071,5719,37863,72029,-31792,-66310
"2017/11/8",外資及陸資,119126,75866,123555,80120,-4429,-4254,323305,176489,459170,68988,-135865,107501
"2017/11/9",自營商,422194,70357,439357,74744,-17163,-4387,425357,43306,432718,54270,-7361,-10964
"2017/11/9",投信,5069,8384,5421,10452,-352,-2068,5703,4861,37847,72721,-32144,-67859
"2017/11/9",外資及陸資,183992,145933,189864,151178,-5872,-5245,333275,175389,475212,74182,-141937,101207
"2017/11/10",自營商,347302,52790,343889,55233,3413,-2443,448916,40778,452592,54205,-3676,-13427
"2017/11/10",投信,5207,9521,5247,9599,-40,-78,5677,4767,37861,72744,-32184,-67977
"2017/11/10",外資及陸資,172004,129170,174670,125096,-2666,4074,343911,183211,488574,77829,-144663,105382
"2017/11/13",自營商,277226,47011,282909,49681,-5683,-2670,468609,41248,478038,57159,-9429,-15911
"2017/11/13",投信,18776,36368,19107,37008,-331,-640,5576,4522,38091,72914,-32515,-68392
"2017/11/13",外資及陸資,155093,155369,156125,153454,-1032,1915,351568,182234,497019,75402,-145451,106831
"2017/11/14",自營商,378541,78326,405344,71055,-26803,7271,463519,45188,500328,53833,-36809,-8644
"2017/11/14",投信,13016,21733,12525,20736,491,997,5804,4861,37828,72170,-32024,-67309
"2017/11/14",外資及陸資,223580,222848,226580,229533,-3000,-6685,364671,194320,512691,94320,-148020,100001
"2017/11/15",自營商,465120,69616,499034,72726,-33914,-3110,295716,19105,256600,35045,39116,-15940
"2017/11/15",投信,1447,871,3089,2513,-1642,-1642,5674,4521,39344,73029,-33670,-68508
"2017/11/15",外資及陸資,226343,143672,250002,152537,-23659,-8865,237173,158572,368161,72484,-130988,86088
"2017/11/16",自營商,274889,30123,281569,30290,-6680,-167,347817,21354,315387,37516,32430,-16161
"2017/11/16",投信,123,260,143,240,-20,20,5652,4545,39342,73133,-33690,-68588
"2017/11/16",外資及陸資,126733,77231,114774,73858,11959,3373,257508,162320,376393,72687,-118885,89632
"2017/11/17",自營商,332217,43135,323837,44164,8380,-1029,378701,21977,337933,39383,40768,-17405
"2017/11/17",投信,915,1809,655,1401,260,408,6022,5224,39452,73965,-33430,-68741
"2017/11/17",外資及陸資,154126,109424,133569,91716,20557,17708,281067,169399,379248,61147,-98181,108252
"2017/11/20",自營商,253780,35874,291245,34166,-37465,1708,379292,24184,375681,39773,3611,-15590
"2017/11/20",投信,126,237,813,1684,-687,-1447,5981,5133,40098,75077,-34117,-69944
"2017/11/20",外資及陸資,125392,75223,132950,85170,-7558,-9947,283570,164460,389306,66608,-105736,97852
"2017/11/21",自營商,413243,54275,396554,50946,16689,3329,409743,27718,389284,40124,20459,-12406
"2017/11/21",投信,879,1890,77,126,802,1764,6061,5365,39376,74320,-33315,-68956
"2017/11/21",外資及陸資,171149,102521,164111,99532,7038,2989,313003,173541,411704,71342,-98701,102199
"2017/11/22",自營商,611687,65777,584584,63395,27103,2382,363039,30145,340018,40203,23021,-10059
"2017/11/22",投信,778,531,1655,2316,-877,-1785,6009,5334,40201,76338,-34192,-71004
"2017/11/22",外資及陸資,238775,117581,230380,111651,8395,5930,321343,179856,424494,71285,-103151,108571
"2017/11/23",自營商,208202,28618,212688,26328,-4486,2290,382693,31866,364286,39655,18407,-7790
"2017/11/23",投信,476,468,33,71,443,397,6052,5424,39801,76223,-33749,-70798
"2017/11/23",外資及陸資,107395,67750,110053,69112,-2658,-1362,328882,178647,434492,71065,-105610,107582
"2017/11/24",自營商,157580,25417,180797,25188,-23217,229,384193,32131,389630,39712,-5437,-7581
"2017/11/24",投信,189,313,1499,2320,-1310,-2007,6105,5519,41164,78321,-35059,-72802
"2017/11/24",外資及陸資,92308,60711,98448,62330,-6140,-1619,332549,177508,443713,71581,-111164,105927
"2017/11/27",自營商,353671,47532,392879,54021,-39208,-6489,382805,29837,428254,43726,-45449,-13889
"2017/11/27",投信,71,153,1279,2754,-1208,-2601,5763,4725,42030,79408,-36267,-74683
"2017/11/27",外資及陸資,177759,109191,196564,120901,-18805,-11710,331666,166814,461357,73820,-129691,92995
"2017/11/28",自營商,365723,37882,356734,46357,8989,-8475,403862,26643,440300,48959,-36438,-22316
"2017/11/28",投信,44,15,122,190,-78,-175,5723,4662,42068,79224,-36345,-74561
"2017/11/28",外資及陸資,184552,115905,190779,116829,-6227,-924,333083,165712,468992,74115,-135909,91598
"2017/11/29",自營商,380716,42869,390740,40003,-10024,2866,377843,25947,390979,45442,-13136,-19495
"2017/11/29",投信,880,749,599,131,281,618,5757,4725,41421,78812,-35664,-74087
"2017/11/29",外資及陸資,171165,107391,178261,107052,-7096,339,334294,166385,475230,74210,-140936,92175
"2017/11/30",自營商,455138,60985,496801,63899,-41663,-2914,409774,27459,464489,49445,-54715,-21987
"2017/11/30",投信,584,204,646,1334,-62,-1130,6167,4625,41893,78771,-35726,-74146
"2017/11/30",外資及陸資,233101,163704,255827,176293,-22726,-12589,332214,163423,495890,85572,-163676,77851
"2017/12/1",自營商,634186,74909,641692,73832,-7506,1077,445226,29801,507437,50641,-62211,-20839
"2017/12/1",投信,610,1285,616,485,-6,800,6209,4718,41941,78264,-35732,-73546
"2017/12/1",外資及陸資,287475,199732,300306,193159,-12831,6573,337208,162341,513715,77641,-176507,84700
"2017/12/4",自營商,443258,52739,426276,51898,16982,841,455538,30744,500922,50827,-45384,-20083
"2017/12/4",投信,192,409,29,61,163,348,6256,4842,41825,78359,-35569,-73518
"2017/12/4",外資及陸資,260755,169919,266726,167697,-5971,2222,339596,161360,522077,73931,-182481,87429
"2017/12/5",自營商,409431,55281,422346,56410,-12915,-1129,458078,31175,516392,52158,-58314,-20984
"2017/12/5",投信,367,779,694,1465,-327,-686,6323,4957,42219,78618,-35896,-73661
"2017/12/5",外資及陸資,234318,157086,242513,157790,-8195,-704,337967,160350,528727,74476,-190760,85874
"2017/12/6",自營商,832725,82171,885556,87532,-52831,-5361,437095,29883,472738,55455,-35643,-25572
"2017/12/6",投信,2320,1091,2047,3091,273,-2000,6577,5330,42620,79681,-36043,-74351
"2017/12/6",外資及陸資,327596,192348,345273,195011,-17677,-2663,338890,157962,539615,77038,-200725,80924
"2017/12/7",自營商,554999,58718,556840,60181,-1841,-1463,483016,28870,520981,55917,-37965,-27046
"2017/12/7",投信,814,1482,799,294,15,1188,6599,5368,42627,78397,-36028,-73029
"2017/12/7",外資及陸資,270968,173787,281490,175182,-10522,-1395,357425,159540,568669,80140,-211244,79400
"2017/12/8",自營商,431628,53644,428816,51266,2812,2378,514439,30343,549672,55285,-35233,-24941
"2017/12/8",投信,840,1590,453,148,387,1442,6780,5705,42421,77509,-35641,-71803
"2017/12/8",外資及陸資,214653,138806,216850,144420,-2197,-5614,368456,157785,581978,83479,-213522,74306
"2017/12/11",自營商,428177,47618,401853,47532,26324,86,539253,29714,547696,54937,-8443,-25223
"2017/12/11",投信,1199,2382,1947,190,-748,2192,6804,5795,43193,75966,-36389,-70171
"2017/12/11",外資及陸資,180581,114671,186258,110099,-5677,4572,367651,156338,586892,76478,-219241,79860
"2017/12/12",自營商,417629,51370,436204,49300,-18575,2070,535918,30610,563263,53555,-27345,-22945
"2017/12/12",投信,199,413,667,1364,-468,-951,6789,5733,43646,76540,-36857,-70807
"2017/12/12",外資及陸資,180339,120523,188631,119958,-8292,565,366326,155628,593679,75679,-227353,79949
"2017/12/13",自營商,463926,39142,442437,42698,21489,-3556,472833,28457,475144,55009,-2311,-26553
"2017/12/13",投信,1003,841,725,240,278,601,6351,5667,43350,75995,-36999,-70328
"2017/12/13",外資及陸資,199345,105034,195854,99183,3491,5851,365951,158335,584782,72330,-218831,86005
"2017/12/14",自營商,399427,53111,384790,54414,14637,-1303,494439,28781,482095,56798,12344,-28016
"2017/12/14",投信,5151,9066,4838,8387,313,679,6517,6062,43203,76237,-36686,-70176
"2017/12/14",外資及陸資,203074,130645,200011,122991,3063,7654,380843,168257,596659,73696,-215816,94561
"2017/12/15",自營商,382140,71177,433058,59834,-50918,11343,484210,34756,522850,51217,-38640,-16461
"2017/12/15",投信,5626,10219,6859,12754,-1233,-2535,6240,5485,44159,77907,-37919,-72422
"2017/12/15",外資及陸資,225452,159188,240008,171147,-14556,-11959,381080,166491,611452,84434,-230372,82056
"2017/12/18",自營商,309805,48951,290871,48712,18934,239,497384,36217,517164,52509,-19780,-16292
"2017/12/18",投信,18579,36071,18314,35290,265,781,5976,5111,43630,76877,-37654,-71767
"2017/12/18",外資及陸資,231859,194109,232758,196228,-899,-2119,389469,177376,620740,97234,-231271,80142
"2017/12/19",自營商,383834,61386,386311,67491,-2477,-6105,519606,31303,541881,53564,-22275,-22261
"2017/12/19",投信,17001,26291,15950,26173,1051,118,5873,5045,42476,76376,-36603,-71331
"2017/12/19",外資及陸資,254126,213929,242577,204852,11549,9077,400036,189580,619598,100902,-219562,88677
"2017/12/20",自營商,523671,67562,493266,68661,30405,-1099,225395,17351,252022,36509,-26627,-19158
"2017/12/20",投信,3039,1103,4456,2405,-1417,-1302,5931,5027,43988,78107,-38057,-73080
"2017/12/20",外資及陸資,228833,140467,220562,122111,8271,18356,186759,149413,252882,51102,-66123,98312
"2017/12/21",自營商,296628,34697,300070,36444,-3442,-1747,279126,16865,309052,37749,-29926,-20884
"2017/12/21",投信,164,244,435,871,-271,-627,5927,5016,44255,78622,-38328,-73606
"2017/12/21",外資及陸資,156134,103014,176159,108889,-20025,-5875,196390,148323,282538,55992,-86148,92332
"2017/12/22",自營商,225857,24210,233988,23907,-8131,303,305830,18818,343824,39483,-37994,-20665
"2017/12/22",投信,715,1506,69,145,646,1361,5982,5145,43664,77658,-37682,-72513
"2017/12/22",外資及陸資,112664,74325,122318,71036,-9654,3289,206533,150569,302335,54541,-95802,96028
"2017/12/25",自營商,208162,23580,216027,25765,-7865,-2185,324488,18511,370354,41311,-45866,-22800
"2017/12/25",投信,71,150,197,415,-126,-265,5911,4994,43719,77721,-37808,-72727
"2017/12/25",外資及陸資,77046,52156,75673,51064,1373,1092,210714,151038,305143,53977,-94429,97062
"2017/12/26",自營商,449905,50787,449274,54269,631,-3482,343847,18018,389487,43955,-45640,-25937
"2017/12/26",投信,210,256,2527,3380,-2317,-3124,5731,4575,45856,79669,-40125,-75095
"2017/12/26",外資及陸資,178292,115455,187506,121125,-9214,-5670,214080,147710,317722,57453,-103642,90256
"2017/12/27",自營商,467518,37208,417527,38189,49991,-981,303228,18254,305240,45302,-2012,-27047
"2017/12/27",投信,433,424,1695,1164,-1262,-740,5806,4766,45393,81010,-39587,-76244
"2017/12/27",外資及陸資,169389,102674,156147,89885,13242,12789,223549,158323,312611,54644,-89062,103679
"2017/12/28",自營商,351751,46957,369782,44399,-18031,2558,336369,22831,356494,47621,-20125,-24790
"2017/12/28",投信,717,1340,193,287,524,1053,6102,5430,45165,81251,-39063,-75820
"2017/12/28",外資及陸資,172966,118080,167402,111786,5564,6294,243190,166965,326721,55933,-83531,111032
"2017/12/29",自營商,374654,44558,381321,40252,-6667,4306,364107,26170,391176,46794,-27069,-20624
"2017/12/29",投信,1251,2660,47,15,1204,2645,6150,5566,44009,79261,-37859,-73695
"2017/12/29",外資及陸資,147340,95072,167084,100230,-19744,-5158,252876,167345,356151,60575,-103275,106770
"2018/1/2",自營商,373912,47267,325715,41149,48197,6118,419742,37195,398355,51881,21387,-14686
"2018/1/2",投信,166,353,450,964,-284,-611,6249,5818,44392,80642,-38143,-74823
"2018/1/2",外資及陸資,156836,101397,169556,93278,-12720,8119,266758,176479,382753,60639,-115995,115840
"2018/1/3",自營商,539979,59801,537304,56792,2675,3009,370930,37679,353118,49466,17812,-11787
"2018/1/3",投信,2527,442,1127,280,1400,162,6242,5835,42945,81063,-36703,-75228
"2018/1/3",外資及陸資,195189,110029,190804,112762,4385,-2733,273150,177330,384219,63175,-111069,114154
"2018/1/4",自營商,353316,44801,361582,42947,-8266,1854,419430,39796,409898,49783,9532,-9987
"2018/1/4",投信,368,507,855,500,-487,7,6080,5557,43270,81113,-37190,-75556
"2018/1/4",外資及陸資,153746,110670,161510,107731,-7764,2939,274599,176491,393432,58745,-118833,117746
"2018/1/5",自營商,350033,43551,349004,45133,1029,-1582,449822,40054,439541,51636,10281,-11582
"2018/1/5",投信,97,59,175,186,-78,-127,6001,5400,43269,81234,-37268,-75834
"2018/1/5",外資及陸資,152967,102098,159202,101497,-6235,601,276585,174506,401425,55895,-124840,118611
"2018/1/8",自營商,310223,42731,321793,36565,-11570,6166,457837,44326,459087,49695,-1250,-5369
"2018/1/8",投信,183,359,252,502,-69,-143,5939,5255,43276,81416,-37337,-76162
"2018/1/8",外資及陸資,167330,108566,170245,112675,-2915,-4109,284891,177027,412620,62212,-127729,114815
"2018/1/9",自營商,338068,34933,319101,36748,18967,-1815,486698,44126,469067,51300,17631,-7175
"2018/1/9",投信,344,305,52,35,292,270,6235,5535,43280,81397,-37045,-75862
"2018/1/9",外資及陸資,152112,96658,142969,88116,9143,8542,294965,185788,413551,62498,-118586,123289
"2018/1/10",自營商,521194,52298,518851,61621,2343,-9323,406350,38383,376074,54802,30276,-16419
"2018/1/10",投信,1005,1019,1307,349,-302,670,5889,5267,42276,79970,-36387,-74703
"2018/1/10",外資及陸資,235245,133893,242395,132875,-7150,1018,298331,184558,420606,61230,-122275,123328
"2018/1/11",自營商,321501,50883,348442,48328,-26941,2555,433106,38350,429751,52239,3355,-13889
"2018/1/11",投信,3156,5856,4810,5244,-1654,612,5839,5155,43880,79165,-38041,-74010
"2018/1/11",外資及陸資,220095,148401,228108,150583,-8013,-2182,306621,186554,436909,65554,-130288,121000
"2018/1/12",自營商,374451,58348,355683,60466,18768,-2118,467577,42637,444142,58825,23435,-16188
"2018/1/12",投信,7960,14636,6802,12168,1158,2468,6321,5464,43204,77545,-36883,-72081
"2018/1/12",外資及陸資,178600,146179,174934,140202,3666,5977,311483,195953,438079,67843,-126596,128110
"2018/1/15",自營商,359053,64288,373249,53145,-14196,11143,477907,49021,468715,54088,9192,-5067
"2018/1/15",投信,20414,40649,19587,38833,827,1816,5794,5205,41850,76018,-36056,-70813
"2018/1/15",外資及陸資,220422,195206,232073,204760,-11651,-9554,304927,187898,443030,68225,-138103,119672
"2018/1/16",自營商,342000,60996,316278,62299,25722,-1303,491578,50223,455452,56625,36126,-6403
"2018/1/16",投信,14642,23899,14754,23952,-112,-53,5570,5121,41738,76154,-36168,-71033
"2018/1/16",外資及陸資,195539,186928,197122,192530,-1583,-5602,312325,197341,451978,82956,-139653,114385
"2018/1/17",自營商,584602,77145,546092,86606,38510,-9461,236404,26609,263619,42566,-27215,-15957
"2018/1/17",投信,2093,2705,2237,1601,-144,1104,6014,5290,39811,75236,-33797,-69946
"2018/1/17",外資及陸資,235737,144071,230073,130963,5664,13108,228613,177932,241465,56742,-12852,121190
"2018/1/18",自營商,501173,73368,511945,74438,-10772,-1070,295689,26204,333614,43310,-37925,-17106
"2018/1/18",投信,2695,5970,394,424,2301,5546,5741,5130,37237,69993,-31496,-64864
"2018/1/18",外資及陸資,243289,169358,264351,179097,-21062,-9739,238506,177302,272423,64864,-33917,112437
"2018/1/19",自營商,315051,47550,311651,44524,3400,3026,330469,31089,365034,45324,-34565,-14235
"2018/1/19",投信,364,393,1202,1605,-838,-1212,6022,5446,38356,72015,-32334,-66569
"2018/1/19",外資及陸資,154648,108563,155605,105953,-957,2610,251174,184260,286048,68172,-34874,116088
"2018/1/22",自營商,448620,65214,485893,54088,-37273,11126,352765,42395,424724,45594,-71959,-3199
"2018/1/22",投信,133,297,544,1217,-411,-920,6071,5596,38816,73598,-32745,-68002
"2018/1/22",外資及陸資,219910,139889,251062,158075,-31152,-18186,245581,171762,311607,72846,-66026,98917
"2018/1/23",自營商,495198,66335,503723,62835,-8525,3500,387966,45942,468381,45652,-80415,290
"2018/1/23",投信,167,308,2242,5034,-2075,-4726,6158,5733,40978,78483,-34820,-72750
"2018/1/23",外資及陸資,233528,144559,251772,153934,-18244,-9375,246744,167404,331014,77738,-84270,89666
"2018/1/24",自營商,629071,79244,645571,87324,-16500,-8080,307644,35943,368340,43719,-60696,-7777
"2018/1/24",投信,2432,323,3175,5447,-743,-5124,8028,5524,42751,82726,-34723,-77202
"2018/1/24",外資及陸資,275013,168717,279117,161665,-4104,7052,248811,169580,335139,74034,-86328,95545
"2018/1/25",自營商,498704,82414,471534,85520,27170,-3106,380287,37052,413787,47841,-33500,-10789
"2018/1/25",投信,351,718,2715,3371,-2364,-2653,8182,5876,45269,85901,-37087,-80026
"2018/1/25",外資及陸資,320919,223146,346090,210215,-25171,12931,262916,180647,374418,71940,-111502,108707
"2018/1/26",自營商,393932,65700,409581,69352,-15649,-3652,407948,34044,457086,48533,-49138,-14489
"2018/1/26",投信,280,591,1761,2794,-1481,-2203,8281,6141,46849,88330,-38568,-82189
"2018/1/26",外資及陸資,282219,182375,288020,181992,-5801,383,264556,179934,380972,70865,-116416,109069
"2018/1/29",自營商,374130,54630,380866,48013,-6736,6617,445030,40957,501218,48959,-56188,-8001
"2018/1/29",投信,102,228,1220,254,-1118,-26,8062,6000,47748,88537,-39686,-82537
"2018/1/29",外資及陸資,215537,135426,220279,141200,-4742,-5774,268672,175890,389830,71968,-121158,103922
"2018/1/30",自營商,506930,63836,510809,72209,-3879,-8373,469430,35921,530084,52062,-60654,-16141
"2018/1/30",投信,0,0,1627,1503,-1627,-1503,7969,5723,49282,88789,-41313,-83066
"2018/1/30",外資及陸資,278067,182388,276762,172102,1305,10286,278536,178950,398391,66304,-119855,112646
"2018/1/31",自營商,704670,86616,675446,88926,29224,-2310,375662,31520,416146,50081,-40484,-18560
"2018/1/31",投信,591,686,688,412,-97,274,8017,5765,48587,88794,-40570,-83030
"2018/1/31",外資及陸資,338753,189109,347202,185390,-8449,3719,283459,188172,402997,71339,-119538,116833
"2018/2/1",自營商,325047,52010,318928,48998,6119,3012,417601,35788,451937,51445,-34336,-15657
"2018/2/1",投信,697,1405,586,384,111,1021,8045,5877,48504,88366,-40459,-82489
"2018/2/1",外資及陸資,201476,151156,235655,156099,-34179,-4943,289372,188799,443098,76076,-153726,112723
"2018/2/2",自營商,403901,73764,408893,71564,-4992,2200,457085,39476,496450,52924,-39365,-13447
"2018/2/2",投信,228,507,481,1068,-253,-561,7936,5617,48648,88327,-40712,-82711
"2018/2/2",外資及陸資,269293,186918,286483,196213,-17190,-9295,285987,182197,456891,79316,-170904,102881
"2018/2/5",自營商,634883,95542,649956,95801,-15073,-259,471199,39348,525689,52828,-54490,-13480
"2018/2/5",投信,1000,378,425,928,575,-550,7941,5544,48078,87410,-40137,-81866
"2018/2/5",外資及陸資,331304,193174,337279,204358,-5975,-11184,298246,171653,475068,82136,-176822,89517
"2018/2/6",自營商,1094590,236031,1026375,248475,68215,-12444,611204,49760,597415,75299,13789,-25539
"2018/2/6",投信,2512,1556,3269,6738,-757,-5182,7840,5100,48734,88214,-40894,-83114
"2018/2/6",外資及陸資,646229,497831,540384,488896,105845,8935,395654,164779,466631,74757,-70977,90022
"2018/2/7",自營商,771071,135461,811684,132313,-40613,3148,449422,41101,442207,64601,7215,-23500
"2018/2/7",投信,8528,11585,6717,7957,1811,3628,7926,5323,47009,85783,-39083,-80460
"2018/2/7",外資及陸資,630763,370221,616250,358785,14513,11436,371688,168950,424918,65254,-53230,103696
"2018/2/8",自營商,265370,66210,270194,66010,-4824,200,474014,42699,471966,65979,2048,-23280
"2018/2/8",投信,6984,13374,7047,13416,-63,-42,7890,5312,47035,85813,-39145,-80501
"2018/2/8",外資及陸資,292369,252815,298287,256929,-5918,-4114,386420,168172,445571,68557,-59151,99615
"2018/2/9",自營商,410572,125381,425317,120650,-14745,4731,487356,48907,501814,66652,-14458,-17745
"2018/2/9",投信,21094,39457,21057,40555,37,-1098,8064,5459,47172,85764,-39108,-80305
"2018/2/9",外資及陸資,436801,363982,444509,371097,-7708,-7115,394935,165361,461714,75017,-66779,90345
"2018/2/12",自營商,398557,77566,379163,74738,19394,2828,538288,47539,533437,62684,4851,-15145
"2018/2/12",投信,18839,28160,16082,25948,2757,2212,8110,5580,44461,84075,-36351,-78495
"2018/2/12",外資及陸資,358579,316031,373197,316536,-14618,-505,413802,170957,495199,80421,-81397,90535
"2018/2/21",自營商,556434,88926,519912,81612,36522,7314,280427,30107,277546,44463,2881,-14356
"2018/2/21",投信,4236,7116,4325,1091,-89,6025,5753,5612,42584,81160,-36831,-75548
"2018/2/21",外資及陸資,302078,244691,284774,231850,17304,12841,297088,160796,281575,56545,15513,104251
"2018/2/22",自營商,199538,34125,210323,34195,-10785,-70,305358,30179,313416,44530,-8058,-14350
"2018/2/22",投信,179,380,555,1179,-376,-799,5289,4595,42496,80490,-37207,-75895
"2018/2/22",外資及陸資,185813,145805,198242,159374,-12429,-13569,298450,151678,295333,61626,3117,90052
"2018/2/23",自營商,332969,41294,316624,41361,16345,-67,340824,33353,332479,48078,8345,-14725
"2018/2/23",投信,1565,3293,256,190,1309,3103,5319,4726,41217,78655,-35898,-73928
"2018/2/23",外資及陸資,210171,156008,199205,143097,10966,12911,313453,162142,299383,57591,14070,104551
"2018/2/26",自營商,301945,34033,317835,32619,-15890,1414,350663,33144,358215,46563,-7552,-13419
"2018/2/26",投信,677,1463,104,225,573,1238,5375,4864,40700,77809,-35325,-72945
"2018/2/26",外資及陸資,158327,112425,167571,122338,-9244,-9913,308371,155552,303545,60473,4826,95080
"2018/2/27",自營商,337024,39321,323650,42880,13374,-3559,377093,32491,371306,49371,5787,-16880
"2018/2/27",投信,164,355,94,200,70,155,5459,5027,40714,77614,-35255,-72587
"2018/2/27",外資及陸資,175663,124534,177297,121482,-1634,3052,315081,156963,311889,59118,3192,97845
"2018/3/1",自營商,539499,57800,540743,58356,-1244,-556,326621,32497,325144,49797,1477,-17301
"2018/3/1",投信,47,57,1127,1825,-1080,-1768,5389,4810,41109,78791,-35720,-73981
"2018/3/1",外資及陸資,280763,170911,280351,170077,412,834,318420,156769,314794,58649,3626,98120
"2018/3/2",自營商,311736,57802,322517,58676,-10781,-874,354685,34613,364308,52634,-9623,-18021
"2018/3/2",投信,253,62,809,1725,-556,-1663,5326,4646,41602,79904,-36276,-75258
"2018/3/2",外資及陸資,256435,213365,260376,212681,-3941,684,321102,157487,321471,59261,-369,98227
"2018/3/5",自營商,366899,57330,372486,57583,-5587,-253,380890,35339,396314,53518,-15424,-18179
"2018/3/5",投信,56,119,411,874,-355,-755,5276,4523,41907,80218,-36631,-75694
"2018/3/5",外資及陸資,298614,221021,302153,223669,-3539,-2648,325484,159288,329485,64086,-4001,95202
"2018/3/6",自營商,400722,57236,379257,53238,21465,3998,411987,40847,405934,55483,6053,-14636
"2018/3/6",投信,1027,2214,1896,217,-869,1997,5310,4663,42810,79468,-37500,-74804
"2018/3/6",外資及陸資,243212,176584,240596,168512,2616,8072,330819,167334,332204,62431,-1385,104903
"2018/3/7",自營商,565181,62438,550584,65739,14597,-3301,378530,36430,363696,54219,14834,-17789
"2018/3/7",投信,153,329,337,512,-184,-183,5250,4541,42934,78986,-37684,-74446
"2018/3/7",外資及陸資,270250,174541,276627,178950,-6377,-4409,329091,164693,334021,64939,-4930,99754
"2018/3/8",自營商,280337,41943,258684,39510,21653,2433,427031,39122,390314,54772,36717,-15650
"2018/3/8",投信,815,1695,547,215,268,1480,5280,4657,42696,78455,-37416,-73798
"2018/3/8",外資及陸資,194688,152484,194577,142029,111,10455,339824,176118,344670,64675,-4846,111444
"2018/3/9",自營商,266871,40932,271422,42253,-4551,-1321,432130,38903,399813,55984,32317,-17081
"2018/3/9",投信,1048,2276,70,152,978,2124,5283,4679,41721,76587,-36438,-71908
"2018/3/9",外資及陸資,191695,140043,198148,142403,-6453,-2360,341528,173362,352795,63880,-11267,109481
"2018/3/12",自營商,401666,55359,369726,52963,31940,2396,488030,44958,423722,59948,64308,-14989
"2018/3/12",投信,1596,3516,77,169,1519,3347,5349,4892,40268,74517,-34919,-69625
"2018/3/12",外資及陸資,199076,136944,193586,129907,5490,7037,359202,186990,365020,68710,-5818,118280
"2018/3/13",自營商,386066,47732,376786,44720,9280,3012,507800,49682,434123,61790,73677,-12108
"2018/3/13",投信,1164,1856,378,104,786,1752,5336,4897,39469,73266,-34133,-68369
"2018/3/13",外資及陸資,181679,115102,178505,116203,3174,-1101,365179,187357,367823,69225,-2644,118132
"2018/3/14",自營商,470217,56187,485012,57023,-14795,-836,412482,45684,386158,58408,26324,-12724
"2018/3/14",投信,299,297,540,332,-241,-35,5342,4884,39268,72853,-33926,-67969
"2018/3/14",外資及陸資,236974,137784,258768,144589,-21794,-6805,356334,179012,369600,68535,-13266,110477
"2018/3/15",自營商,220711,43125,217660,45234,3051,-2109,431610,48327,402253,63227,29357,-14900
"2018/3/15",投信,3452,6515,3584,6614,-132,-99,5214,4789,39272,72921,-34058,-68132
"2018/3/15",外資及陸資,187872,145397,190550,143317,-2678,2080,364844,188622,380788,75934,-15944,112688
"2018/3/16",自營商,332448,78785,361362,72919,-28914,5866,430071,49871,430045,58870,26,-8999
"2018/3/16",投信,4925,9473,5495,10172,-570,-699,5066,4691,39694,73361,-34628,-68671
"2018/3/16",外資及陸資,248136,202597,269835,218940,-21699,-16343,356804,177078,394174,81032,-37370,96046
"2018/3/19",自營商,300018,67520,285224,69337,14794,-1817,442448,42612,426165,53473,16283,-10861
"2018/3/19",投信,17178,34866,17555,35657,-377,-791,5082,4742,40087,74266,-35005,-69524
"2018/3/19",外資及陸資,218789,218292,220359,214496,-1570,3796,363326,184153,402088,84218,-38762,99935
"2018/3/20",自營商,273405,56085,287910,54714,-14505,1371,442297,45653,440405,55110,1892,-9457
"2018/3/20",投信,15807,26241,15779,26293,28,-52,5022,4610,39999,74077,-34977,-69467
"2018/3/20",外資及陸資,241905,214774,241795,214162,110,612,378051,196787,416703,96419,-38652,100368
"2018/3/21",自營商,453924,78067,450698,79421,3226,-1354,223313,28927,227181,44677,-3868,-15750
"2018/3/21",投信,1461,930,2640,632,-1179,298,5002,4598,39147,73874,-34145,-69276
"2018/3/21",外資及陸資,213178,126671,214052,126858,-874,-187,216872,159618,197053,60688,19819,98929
"2018/3/22",自營商,367907,63595,356646,65942,11261,-2347,272795,29025,265512,47077,7283,-18052
"2018/3/22",投信,173,366,1894,2171,-1721,-1805,5044,4664,40910,75664,-35866,-71000
"2018/3/22",外資及陸資,256805,186346,265573,184397,-8768,1949,239256,158885,228206,58125,11050,100760
"2018/3/23",自營商,390053,68425,403112,70234,-13059,-1809,329692,32081,335458,51269,-5766,-19188
"2018/3/23",投信,989,488,1547,3323,-558,-2835,5131,4406,41555,76590,-36424,-72184
"2018/3/23",外資及陸資,352567,232956,350155,235025,2412,-2069,259299,159975,245834,63714,13465,96261
"2018/3/26",自營商,331076,57831,348248,53772,-17172,4059,341246,31673,364913,47122,-23667,-15450
"2018/3/26",投信,153,330,623,864,-470,-534,5176,4541,42070,77973,-36894,-73432
"2018/3/26",外資及陸資,262133,201574,267000,193627,-4867,7947,259495,166291,250714,60929,8781,105362
"2018/3/27",自營商,435836,58925,411141,58895,24695,30,368376,34202,367971,49917,405,-15714
"2018/3/27",投信,918,1991,168,122,750,1869,5212,4680,41356,77247,-36144,-72567
"2018/3/27",外資及陸資,256098,176288,268848,180105,-12750,-3817,263279,165089,267020,61944,-3741,103145
"2018/3/28",自營商,465838,63652,479893,68017,-14055,-4365,298107,28779,290995,48418,7112,-19639
"2018/3/28",投信,512,36,1178,1685,-666,-1649,5113,4424,39899,77506,-34786,-73082
"2018/3/28",外資及陸資,278225,180000,289522,192208,-11297,-12208,254728,160563,269633,71342,-14905,89221
"2018/3/29",自營商,248267,48934,251181,48116,-2914,818,327009,29280,322963,48193,4046,-18912
"2018/3/29",投信,102,221,334,382,-232,-161,4953,4383,39971,77760,-35018,-73377
"2018/3/29",外資及陸資,232760,210731,245003,208004,-12243,2727,258479,159903,285588,67777,-27109,92126
"2018/3/30",自營商,253430,43811,228951,45955,24479,-2144,354516,29770,325942,51019,28574,-21248
"2018/3/30",投信,650,1420,140,306,510,1114,4990,4494,39498,77291,-34508,-72797
"2018/3/30",外資及陸資,177538,139413,171048,125578,6490,13835,273568,167108,294217,60392,-20649,106716
"2018/3/31",自營商,120176,14724,123387,15837,-3211,-1113,362361,29105,337071,51467,25290,-22362
"2018/3/31",投信,29,63,950,5,-921,58,4993,4504,40422,77284,-35429,-72780
"2018/3/31",外資及陸資,19927,8495,20005,8448,-78,47,274721,168042,295448,61205,-20727,106837
"2018/4/2",自營商,201112,41334,204553,41436,-3441,-102,370792,28269,349350,50595,21442,-22327
"2018/4/2",投信,208,452,1439,1068,-1231,-616,4943,4368,41603,77350,-36660,-72983
"2018/4/2",外資及陸資,164091,126415,166657,126813,-2566,-398,280511,166790,303377,61016,-22866,105774
"2018/4/3",自營商,258511,47207,284941,47517,-26430,-310,369175,29150,374588,51590,-5413,-22439
"2018/4/3",投信,810,423,741,1598,69,-1175,5042,4512,41633,78123,-36591,-73611
"2018/4/3",外資及陸資,251294,187306,263106,193112,-11812,-5806,282740,164575,316859,65439,-34119,99136
"2018/4/9",自營商,496552,68032,467443,62126,29109,5906,332369,32585,329518,49420,2851,-16835
"2018/4/9",投信,1889,3306,528,314,1361,2992,5030,4554,40260,75993,-35230,-71439
"2018/4/9",外資及陸資,281156,204056,277526,194977,3630,9079,275356,170926,293108,61359,-17752,109567
"2018/4/10",自營商,427724,66766,413464,68703,14260,-1937,373875,32715,356406,51583,17469,-18869
"2018/4/10",投信,1549,3390,89,195,1460,3195,5100,4733,38870,73267,-33770,-68534
"2018/4/10",外資及陸資,254780,199394,262181,199780,-7401,-386,283917,173019,308728,63383,-24811,109637
"2018/4/11",自營商,455557,57751,432803,50380,22754,7371,344479,36514,328144,48068,16335,-11554
"2018/4/11",投信,2779,1905,124,235,2655,1670,5026,4595,36141,71637,-31115,-67042
"2018/4/11",外資及陸資,228199,144561,247239,146883,-19040,-2322,292411,172939,331628,65314,-39217,107624
"2018/4/12",自營商,257319,54740,276621,51878,-19302,2862,352088,36264,355106,44946,-3018,-8682
"2018/4/12",投信,2872,5194,2048,3384,824,1810,4995,4510,35286,69525,-30291,-65015
"2018/4/12",外資及陸資,196157,157131,222986,173373,-26829,-16242,283387,156859,349364,65832,-65977,91027
"2018/4/13",自營商,247899,49323,230579,48129,17320,1194,373322,40606,358301,48153,15021,-7547
"2018/4/13",投信,6298,12714,5078,10024,1220,2690,5006,4538,34077,66960,-29071,-62422
"2018/4/13",外資及陸資,179103,152127,178358,147119,745,5008,293839,164638,359071,68429,-65232,96209
"2018/4/16",自營商,251708,57077,267765,56395,-16057,682,378523,41531,379214,48411,-691,-6879
"2018/4/16",投信,17899,35659,17596,34920,303,739,4979,4495,33747,66098,-28768,-61602
"2018/4/16",外資及陸資,226957,236080,233899,241150,-6942,-5070,294946,164875,367114,73840,-72168,91035
"2018/4/17",自營商,424980,85339,452537,94701,-27557,-9362,377453,34871,405217,50810,-27764,-15939
"2018/4/17",投信,13624,21584,14221,23559,-597,-1975,5233,4274,34599,67081,-29366,-62808
"2018/4/17",外資及陸資,264282,205793,266859,217184,-2577,-11391,298593,159502,373167,80944,-74574,78559
"2018/4/18",自營商,700138,115302,676609,111519,23529,3783,193724,26785,205245,36926,-11521,-10141
"2018/4/18",投信,1117,1147,3176,1078,-2059,69,5062,4368,36498,67415,-31436,-63047
"2018/4/18",外資及陸資,258539,173074,255008,164467,3531,8607,196030,146344,151894,61145,44136,85199
"2018/4/19",自營商,293769,52022,266974,51681,26795,341,242406,35493,226787,45404,15619,-9911
"2018/4/19",投信,1060,2324,625,160,435,2164,5248,4829,36249,66423,-31001,-61594
"2018/4/19",外資及陸資,215078,164709,190828,136687,24250,28022,227504,174392,159219,60043,68285,114350
"2018/4/20",自營商,340213,66064,383906,76237,-43693,-10173,263206,24938,292846,44666,-29640,-19728
"2018/4/20",投信,355,352,1401,2340,-1046,-1988,5038,4580,37085,67125,-32047,-62544
"2018/4/20",外資及陸資,237793,171864,281650,223403,-43857,-51539,216855,144669,191922,83574,24933,61095
"2018/4/23",自營商,396966,60193,422950,59790,-25984,403,272964,23662,329332,42784,-56368,-19122
"2018/4/23",投信,139,298,381,814,-242,-516,5081,4639,37370,67146,-32289,-62506
"2018/4/23",外資及陸資,246325,171642,255290,174727,-8965,-3085,216676,140675,200675,83225,16001,57450
"2018/4/24",自營商,521696,69435,548556,72542,-26860,-3107,296719,23515,380603,45515,-83884,-22000
"2018/4/24",投信,147,312,199,422,-52,-110,5108,4670,37449,66678,-32341,-62008
"2018/4/24",外資及陸資,302764,196274,308910,197941,-6146,-1667,220751,135963,210693,80774,10058,55189
"2018/4/25",自營商,609094,78127,638305,70177,-29211,7950,221310,25005,290929,38778,-69619,-13773
"2018/4/25",投信,1466,1431,403,33,1063,1398,5449,5280,34827,65571,-29378,-60291
"2018/4/25",外資及陸資,362425,217085,367086,216195,-4661,890,211455,131931,203121,76091,8334,55839
"2018/4/26",自營商,360766,52648,358368,57853,2398,-5205,258779,23179,325989,41996,-67210,-18817
"2018/4/26",投信,774,1239,685,187,89,1052,5473,5295,34762,64203,-29289,-58908
"2018/4/26",外資及陸資,302905,205448,298953,207107,3952,-1659,249451,130614,237144,76701,12307,53914
"2018/4/27",自營商,291278,44598,281153,43463,10125,1135,281350,22608,338255,40504,-56905,-17896
"2018/4/27",投信,530,1119,1553,211,-1023,908,5479,5350,35791,63827,-30312,-58477
"2018/4/27",外資及陸資,242508,157578,232510,147295,9998,10283,236246,134413,213980,69709,22266,64704
"2018/4/30",自營商,351499,50663,330545,49307,20954,1356,311981,24826,347680,41524,-35699,-16698
"2018/4/30",投信,874,1842,230,106,644,1736,5548,5523,35216,62777,-29668,-57254
"2018/4/30",外資及陸資,243193,152382,246302,155899,-3109,-3517,251117,133699,231963,71940,19154,61759
"2018/5/2",自營商,373897,44891,376964,41754,-3067,3137,252910,24751,314975,38265,-62065,-13514
"2018/5/2",投信,924,1193,533,227,391,966,5569,5581,33846,61627,-28277,-56046
"2018/5/2",外資及陸資,213735,123465,207554,124026,6181,-561,250113,135946,224008,74958,26105,60989
"2018/5/3",自營商,278637,47779,293077,50359,-14440,-2580,279725,26499,356227,42463,-76502,-15964
"2018/5/3",投信,395,641,273,393,122,248,5543,5472,33698,60716,-28155,-55244
"2018/5/3",外資及陸資,219472,160055,226356,167772,-6884,-7717,258819,132063,239571,79349,19248,52714
"2018/5/4",自營商,303195,51782,308613,49261,-5418,2521,291756,25595,374076,39085,-82320,-13490
"2018/5/4",投信,160,251,55,26,105,225,5588,5578,33638,60688,-28050,-55110
"2018/5/4",外資及陸資,257822,179614,257801,179436,21,178,261305,125138,234906,72138,26399,53001
"2018/5/7",自營商,342986,57776,343669,54363,-683,3413,298643,27763,381529,37963,-82886,-10200
"2018/5/7",投信,632,1339,60,127,572,1212,5623,5695,33101,59967,-27478,-54272
"2018/5/7",外資及陸資,235862,151878,236942,155728,-1080,-3850,266756,126216,241447,76678,25309,49538
"2018/5/8",自營商,377352,46800,350072,45040,27280,1760,331851,30840,387285,39381,-55434,-8541
"2018/5/8",投信,360,768,24,51,336,717,5658,5814,32800,59746,-27142,-53932
"2018/5/8",外資及陸資,204685,131111,190319,115308,14366,15803,282928,136588,243263,70855,39665,65732
"2018/5/9",自營商,535874,56051,513050,54707,22824,1344,275946,31682,334189,38941,-58243,-7259
"2018/5/9",投信,1167,872,864,294,303,578,5281,5837,32120,59375,-26839,-53538
"2018/5/9",外資及陸資,240799,152883,231980,142667,8819,10216,283718,143133,236361,66916,47357,76217
"2018/5/10",自營商,230376,46636,226129,42422,4247,4214,295041,37563,348994,40627,-53953,-3063
"2018/5/10",投信,1517,1325,1142,1159,375,166,5433,5495,31897,59163,-26464,-53668
"2018/5/10",外資及陸資,174117,131414,181783,133889,-7666,-2475,284290,143321,244599,69201,39691,74120
"2018/5/11",自營商,320157,56664,289128,61870,31029,-5206,320882,37076,343719,45377,-22837,-8301
"2018/5/11",投信,3803,7059,3540,6523,263,536,5459,5597,31660,59230,-26201,-53632
"2018/5/11",外資及陸資,203279,171468,183554,151866,19725,19602,297289,159569,238005,65119,59284,94450
"2018/5/14",自營商,387338,62791,392027,58263,-4689,4528,338044,40044,365022,43948,-26978,-3904
"2018/5/14",投信,17862,35326,17880,35147,-18,179,5371,5633,31590,59588,-26219,-53955
"2018/5/14",外資及陸資,245740,195149,238736,196400,7004,-1251,310755,166485,244467,72378,66288,94107
"2018/5/15",自營商,402583,71561,422333,73867,-19750,-2306,346947,36698,393827,42787,-46880,-6089
"2018/5/15",投信,12862,21118,13294,21879,-432,-761,5133,5416,31812,59681,-26679,-54265
"2018/5/15",外資及陸資,237589,213540,237388,217674,201,-4134,319885,169588,253233,80349,66652,89239
"2018/5/16",自營商,520214,83558,509919,84237,10295,-679,174615,20265,196298,31720,-21683,-11455
"2018/5/16",投信,1319,1434,1352,1274,-33,160,5230,5404,31424,59431,-26194,-54027
"2018/5/16",外資及陸資,267027,165681,279993,160873,-12966,4808,230427,151775,155420,54552,75007,97223
"2018/5/17",自營商,217927,43369,229269,44080,-11342,-711,193770,23438,226853,35526,-33083,-12089
"2018/5/17",投信,75,114,1111,248,-1036,-134,5197,5253,32427,59117,-27230,-53864
"2018/5/17",外資及陸資,146581,110790,159238,124766,-12657,-13976,232746,144424,170396,61638,62350,82785
"2018/5/18",自營商,216957,36434,215755,39146,1202,-2712,215421,22259,247403,37064,-31982,-14805
"2018/5/18",投信,60,130,448,186,-388,-56,5197,5255,32815,59142,-27618,-53887
"2018/5/18",外資及陸資,145615,110608,149238,107966,-3623,2642,235087,147169,176270,61805,58817,85364
"2018/5/21",自營商,281250,46655,276008,43403,5242,3252,234359,25396,261018,37203,-26659,-11807
"2018/5/21",投信,463,1014,777,91,-314,923,5264,5468,33196,59151,-27932,-53684
"2018/5/21",外資及陸資,146160,115259,140966,106332,5194,8927,241643,157927,177629,62433,64014,95493
"2018/5/22",自營商,307450,49159,325376,44453,-17926,4706,252420,30896,296906,37971,-44486,-7076
"2018/5/22",投信,62,136,606,1324,-544,-1188,5160,5218,33636,59873,-28476,-54655
"2018/5/22",外資及陸資,165592,112366,176407,121962,-10815,-9596,241522,150323,188323,64751,53199,85572
"2018/5/23",自營商,415865,49706,430349,55408,-14484,-5702,209800,26687,251004,39379,-41204,-12692
"2018/5/23",投信,558,414,984,1346,-426,-932,5117,5167,33699,60446,-28582,-55279
"2018/5/23",外資及陸資,211650,137156,216426,134667,-4776,2489,239897,156706,177525,69108,62372,87599
"2018/5/24",自營商,236636,38590,228582,33420,8054,5170,241560,32259,274918,39858,-33358,-7599
"2018/5/24",投信,114,249,374,129,-260,120,5119,5196,33961,60662,-28842,-55466
"2018/5/24",外資及陸資,169202,132332,166975,126270,2227,6062,249785,161687,184821,67525,64964,94163
"2018/5/25",自營商,242239,38306,223748,41376,18491,-3070,269701,31072,284532,41763,-14831,-10691
"2018/5/25",投信,26,57,80,76,-54,-19,5122,5208,34018,60775,-28896,-55567
"2018/5/25",外資及陸資,187906,142690,182141,135556,5765,7134,258902,168896,187983,67470,70919,101425
"2018/5/28",自營商,221654,35970,230829,31637,-9175,4333,276981,35659,300978,42071,-23997,-6412
"2018/5/28",投信,423,929,196,79,227,850,5125,5240,33794,60221,-28669,-54982
"2018/5/28",外資及陸資,138075,110775,144873,114602,-6798,-3827,257991,166472,193870,68416,64121,98056
"2018/5/29",自營商,268816,44591,283301,41658,-14485,2933,287531,38165,326067,41619,-38536,-3454
"2018/5/29",投信,125,273,146,270,-21,3,5019,5029,33709,59736,-28690,-54707
"2018/5/29",外資及陸資,161455,120795,169348,124496,-7893,-3701,256721,161976,200433,68099,56288,93877
"2018/5/30",自營商,490249,63113,563223,74390,-72974,-11277,239149,30342,296629,44875,-57480,-14532
"2018/5/30",投信,523,78,1045,1544,-522,-1466,4924,4777,33896,60183,-28972,-55407
"2018/5/30",外資及陸資,258690,160262,280726,177874,-22036,-17612,252559,156116,208644,81109,43915,75008
"2018/5/31",自營商,254456,44564,251438,42961,3018,1603,268558,30279,323061,43306,-54503,-13028
"2018/5/31",投信,318,691,1,2,317,689,4954,4885,33609,60038,-28655,-55153
"2018/5/31",外資及陸資,177683,147932,174999,138077,2684,9855,260140,160337,213541,74850,46599,85487
"2018/6/1",自營商,271074,43303,241643,41693,29431,1610,297062,32312,322163,43879,-25101,-11567
"2018/6/1",投信,153,300,419,304,-266,-4,4978,4953,33899,60361,-28921,-55408
"2018/6/1",外資及陸資,162744,135761,160102,122846,2642,12915,263057,166510,213810,67605,49247,98904
"2018/6/4",自營商,374765,57344,372129,54315,2636,3029,318715,37417,340881,46209,-22166,-8792
"2018/6/4",投信,330,730,358,367,-28,363,5012,5101,33961,61009,-28949,-55908
"2018/6/4",外資及陸資,163725,118870,152329,108133,11396,10737,277410,181879,216982,70551,60428,111328
"2018/6/5",自營商,356362,45350,371400,45730,-15038,-380,318474,37539,355538,46691,-37064,-9151
"2018/6/5",投信,2293,194,393,870,1900,-676,5005,5084,32054,61591,-27049,-56507
"2018/6/5",外資及陸資,185793,123941,187172,125715,-1379,-1774,278813,178995,219892,69594,58921,109401
"2018/6/6",自營商,565081,62494,493779,67902,71302,-5408,281843,41821,301996,56558,-20153,-14737
"2018/6/6",投信,682,880,882,262,-200,618,4950,5074,31751,61621,-26801,-56546
"2018/6/6",外資及陸資,230097,149622,226231,131916,3866,17706,280082,194549,211968,66014,68114,128535
"2018/6/7",自營商,283907,50988,301483,48642,-17576,2346,299002,40464,336746,52932,-37744,-12468
"2018/6/7",投信,121,271,292,656,-171,-385,4982,5158,31954,62229,-26972,-57071
"2018/6/7",外資及陸資,180907,145550,195760,154595,-14853,-9045,280626,189675,227365,69852,53261,119823
"2018/6/8",自營商,269418,45595,275546,47367,-6128,-1772,314036,40121,357958,54130,-43922,-14009
"2018/6/8",投信,25,50,697,1252,-672,-1202,4933,4991,32577,62739,-27644,-57748
"2018/6/8",外資及陸資,183141,138905,195231,143976,-12090,-5071,283400,184127,242229,70491,41171,113636
"2018/6/11",自營商,289821,39321,299021,42998,-9200,-3677,325204,37837,378340,55537,-53136,-17700
"2018/6/11",投信,6,13,199,443,-193,-430,4807,4715,32644,62909,-27837,-58194
"2018/6/11",外資及陸資,187059,130192,201525,132883,-14466,-2691,287140,183711,260438,72749,26702,110962
"2018/6/12",自營商,410098,59765,430182,59259,-20084,506,343427,37935,416730,55073,-73303,-17138
"2018/6/12",投信,216,72,154,260,62,-188,4726,4625,32501,63067,-27775,-58442
"2018/6/12",外資及陸資,268028,177127,279606,177970,-11578,-843,290348,183401,275245,73197,15103,110204
"2018/6/13",自營商,392517,51907,381455,49069,11062,2838,292602,39086,344145,53430,-51543,-14345
"2018/6/13",投信,405,110,638,80,-233,30,4756,4706,32380,63150,-27624,-58445
"2018/6/13",外資及陸資,223213,126861,232027,128988,-8814,-2127,285134,180859,274601,72606,10533,108254
"2018/6/14",自營商,309200,54458,324974,58798,-15774,-4340,307794,34090,375213,52479,-67419,-18389
"2018/6/14",投信,4216,7921,4785,9005,-569,-1084,4843,4826,33036,63496,-28193,-58669
"2018/6/14",外資及陸資,190460,152043,205929,167549,-15469,-15506,285443,173149,290390,81893,-4947,91255
"2018/6/15",自營商,305160,49520,287259,50507,17901,-987,320108,36086,370232,55684,-50124,-19597
"2018/6/15",投信,14626,30205,14618,29591,8,614,4890,4954,33055,63306,-28165,-58352
"2018/6/15",外資及陸資,227984,206711,233451,202852,-5467,3859,292084,186751,302489,90989,-10405,95762
"2018/6/19",自營商,383383,77000,430760,71618,-47377,5382,324150,37318,422502,51094,-98352,-13776
"2018/6/19",投信,17251,27778,17873,29226,-622,-1448,4657,4299,33446,63117,-28789,-58818
"2018/6/19",外資及陸資,318562,313270,331867,329219,-13305,-15949,294956,179925,318546,101587,-23590,78337
"2018/6/20",自營商,657724,94068,643569,108649,14155,-14581,136050,21528,214553,47239,-78503,-25711
"2018/6/20",投信,1631,2050,1087,1182,544,868,4625,4288,32882,62863,-28257,-58575
"2018/6/20",外資及陸資,324667,215289,322753,209427,1914,5862,175195,154838,146398,73859,28797,80979
"2018/6/21",自營商,201631,39555,214834,38307,-13203,1248,160389,23377,251931,47799,-91542,-24422
"2018/6/21",投信,256,545,226,106,30,439,4655,4331,32882,62295,-28227,-57964
"2018/6/21",外資及陸資,164173,129101,174080,139468,-9907,-10367,178786,151695,159896,81265,18890,70430
"2018/6/22",自營商,279615,41492,287184,48574,-7569,-7082,181337,21669,280524,52969,-99187,-31300
"2018/6/22",投信,585,1196,71,150,514,1046,5217,5456,32930,62100,-27713,-56644
"2018/6/22",外資及陸資,197559,162476,208270,167358,-10711,-4882,182647,151728,174468,86522,8179,65206
"2018/6/25",自營商,239542,41033,241828,36343,-2286,4690,193565,22526,294878,48759,-101313,-26233
"2018/6/25",投信,90,175,101,210,-11,-35,5240,5455,32964,61770,-27724,-56314
"2018/6/25",外資及陸資,166869,130951,175027,133451,-8158,-2500,177295,148036,177253,85853,42,62183
"2018/6/26",自營商,402367,58714,418897,58651,-16530,63,220422,23275,338251,49519,-117829,-26243
"2018/6/26",投信,740,615,116,240,624,375,5478,5859,32578,61829,-27100,-55970
"2018/6/26",外資及陸資,268366,193950,275050,197796,-6684,-3846,181512,146123,188100,87725,-6588,58398
"2018/6/27",自營商,425159,48926,422988,46100,2171,2826,153308,23849,263275,47181,-109967,-23332
"2018/6/27",投信,323,117,636,756,-313,-639,5456,5803,32869,62230,-27413,-56427
"2018/6/27",外資及陸資,217163,144028,226816,142871,-9653,1157,176456,145178,183535,85838,-7079,59340
"2018/6/28",自營商,304214,50850,297730,54299,6484,-3449,201648,23194,305124,49951,-103476,-26757
"2018/6/28",投信,141,256,41,86,100,170,5568,5987,32881,62057,-27313,-56069
"2018/6/28",外資及陸資,241627,192644,256402,197806,-14775,-5162,184474,149624,206328,95589,-21854,54036
"2018/6/29",自營商,342769,49904,313698,47139,29071,2765,237396,26259,311754,50735,-74358,-24476
"2018/6/29",投信,1060,2263,241,1,819,2262,5674,6313,32168,60939,-26494,-54626
"2018/6/29",外資及陸資,230232,186798,222861,172855,7371,13943,196285,159680,210768,90810,-14483,68871
"2018/7/2",自營商,308782,51285,316193,47733,-7411,3552,243500,25282,325222,46204,-81722,-20922
"2018/7/2",投信,53,102,358,777,-305,-675,5592,6065,32391,61020,-26799,-54955
"2018/7/2",外資及陸資,199182,148025,202536,147098,-3354,927,198146,152219,216013,82721,-17867,69498
"2018/7/3",自營商,523154,79429,539862,77019,-16708,2410,257885,27925,356452,46358,-98567,-18433
"2018/7/3",投信,115,239,279,591,-164,-352,5636,6170,32599,61543,-26963,-55373
"2018/7/3",外資及陸資,351820,236769,360855,244706,-9035,-7937,201681,151784,228638,90156,-26957,61628
"2018/7/4",自營商,426253,47300,443038,47314,-16785,-14,189902,27849,295718,46282,-105816,-18433
"2018/7/4",投信,590,306,2284,42,-1694,264,5729,6365,34146,61452,-28417,-55086
"2018/7/4",外資及陸資,248525,144730,243905,147052,4620,-2322,194751,149697,207588,90394,-12837,59303
"2018/7/5",自營商,326979,55145,342571,57565,-15592,-2420,219552,30776,340732,51325,-121180,-20549
"2018/7/5",投信,67,138,638,1342,-571,-1204,5743,6326,34731,62026,-28988,-55700
"2018/7/5",外資及陸資,227984,184226,252636,199837,-24652,-15611,196080,144969,233569,101806,-37489,43162
"2018/7/6",自營商,405491,69733,416545,68153,-11054,1580,244602,30901,376737,50108,-132135,-19207
"2018/7/6",投信,157,318,74,154,83,164,5863,6590,34768,62318,-28905,-55729
"2018/7/6",外資及陸資,317821,246721,325377,239941,-7556,6780,203153,151515,248231,101328,-45078,50187
"2018/7/9",自營商,389472,51480,342775,52655,46697,-1175,279574,30265,365457,50924,-85883,-20658
"2018/7/9",投信,1295,2750,70,149,1225,2601,6040,7041,33720,60820,-27680,-53779
"2018/7/9",外資及陸資,259946,181331,243449,166824,16497,14507,213848,163180,242456,97788,-28608,65391
"2018/7/10",自營商,316500,41474,317048,38967,-548,2507,291624,33084,378210,51367,-86586,-18283
"2018/7/10",投信,2198,611,51,109,2147,502,6202,7389,31735,60894,-25533,-53505
"2018/7/10",外資及陸資,195491,131962,195516,126215,-25,5747,213437,160118,242109,88685,-28672,71434
"2018/7/11",自營商,491174,64921,516201,63490,-25027,1431,215447,32298,309405,48855,-93958,-16557
"2018/7/11",投信,443,379,1180,1142,-737,-763,6276,7464,32546,61265,-26270,-53801
"2018/7/11",外資及陸資,266151,174667,277337,182035,-11186,-7368,203415,154359,232082,90926,-28667,63433
"2018/7/12",自營商,343218,54863,310330,56433,32888,-1570,264176,35572,325298,53960,-61122,-18387
"2018/7/12",投信,1342,2870,534,784,808,2086,6329,7661,31791,60001,-25462,-52340
"2018/7/12",外資及陸資,227709,170950,227417,156661,292,14289,223202,170835,251595,92276,-28393,78559
"2018/7/13",自營商,323615,53400,311459,49959,12156,3441,283899,42817,331517,57995,-47618,-15178
"2018/7/13",投信,6339,12094,5766,10532,573,1562,6411,7908,31300,59222,-24889,-51314
"2018/7/13",外資及陸資,201765,159031,201628,159355,137,-324,227445,174091,255731,95055,-28286,79036
"2018/7/16",自營商,263506,57150,279452,56229,-15946,921,293673,45667,356661,59856,-62988,-14189
"2018/7/16",投信,15603,30775,15661,30501,-58,274,6439,7921,31364,58798,-24925,-50877
"2018/7/16",外資及陸資,216620,216597,217738,216889,-1118,-292,231933,172499,261337,93976,-29404,78523
"2018/7/17",自營商,316804,60447,315044,67067,1760,-6620,292814,38776,355415,59433,-62601,-20657
"2018/7/17",投信,13673,22237,14192,23169,-519,-932,6439,7872,31883,59486,-25444,-51614
"2018/7/17",外資及陸資,254869,249149,264391,254717,-9522,-5568,240259,190296,278680,117638,-38421,72658
"2018/7/18",自營商,523690,85838,481847,94847,41843,-9009,151343,22136,193407,49493,-42064,-27357
"2018/7/18",投信,1880,1923,1916,1907,-36,16,6367,7782,31662,59659,-25295,-51876
"2018/7/18",外資及陸資,255818,172972,248280,153996,7538,18976,176857,161176,144121,76832,32736,84344
"2018/7/19",自營商,243481,46414,242009,45316,1472,1098,180267,24597,220776,50961,-40509,-26364
"2018/7/19",投信,135,266,1219,153,-1084,113,6463,7972,32842,59763,-26379,-51791
"2018/7/19",外資及陸資,185724,153477,184108,147903,1616,5574,192790,167365,158435,77387,34355,89978
"2018/7/20",自營商,388675,67619,366586,66888,22089,731,218023,27908,236465,53798,-18442,-25890
"2018/7/20",投信,679,1457,587,961,92,496,6125,7355,32412,59172,-26287,-51817
"2018/7/20",外資及陸資,290332,233705,274363,218011,15969,15694,212071,188760,161792,82108,50279,106652
"2018/7/23",自營商,295210,50759,302318,46399,-7108,4360,219888,29872,245385,51434,-25497,-21561
"2018/7/23",投信,185,233,2067,1991,-1882,-1758,6188,7335,34357,60913,-28169,-53578
"2018/7/23",外資及陸資,216546,159764,218861,160802,-2315,-1038,211275,185047,163311,79383,47964,105665
"2018/7/24",自營商,261557,38207,274835,34425,-13278,3782,235365,33928,274202,51870,-38837,-17942
"2018/7/24",投信,78,165,62,83,16,82,6217,7437,34370,61125,-28153,-53688
"2018/7/24",外資及陸資,165133,121656,172443,127789,-7310,-6133,211928,179523,171274,79613,40654,99909
"2018/7/25",自營商,324590,34491,322766,36388,1824,-1897,180937,32087,222901,51805,-41964,-19718
"2018/7/25",投信,345,93,674,188,-329,-95,6045,7298,34263,61034,-28218,-53736
"2018/7/25",外資及陸資,183624,118787,180472,112361,3152,6426,211654,182613,161860,76430,49794,106183
