日期,身份別,多方交易口數,多方交易契約金額(百萬元),空方交易口數,空方交易契約金額(百萬元),多空交易口數淨額,多空交易契約金額淨額(百萬元),多方未平倉口數,多方未平倉契約金額(百萬元),空方未平倉口數,空方未平倉契約金額(百萬元),多空未平倉口數淨額,多空未平倉契約金額淨額(百萬元)
"2018/1/2",自營商,373912,47267,325715,41149,48197,6118,419742,37195,398355,51881,21387,-14686
"2018/1/2",投信,166,353,450,964,-284,-611,6249,5818,44392,80642,-38143,-74823
"2018/1/2",外資及陸資,156836,101397,169556,93278,-12720,8119,266758,176479,382753,60639,-115995,115840
"2018/1/3",自營商,539979,59801,537304,56792,2675,3009,370930,37679,353118,49466,17812,-11787
"2018/1/3",投信,2527,442,1127,280,1400,162,6242,5835,42945,81063,-36703,-75228
"2018/1/3",外資及陸資,195189,110029,190804,112762,4385,-2733,273150,177330,384219,63175,-111069,114154
"2018/1/4",自營商,353316,44801,361582,42947,-8266,1854,419430,39796,409898,49783,9532,-9987
"2018/1/4",投信,368,507,855,500,-487,7,6080,5557,43270,81113,-37190,-75556
"2018/1/4",外資及陸資,153746,110670,161510,107731,-7764,2939,274599,176491,393432,58745,-118833,117746
"2018/1/5",自營商,350033,43551,349004,45133,1029,-1582,449822,40054,439541,51636,10281,-11582
"2018/1/5",投信,97,59,175,186,-78,-127,6001,5400,43269,81234,-37268,-75834
"2018/1/5",外資及陸資,152967,102098,159202,101497,-6235,601,276585,174506,401425,55895,-124840,118611
"2018/1/8",自營商,310223,42731,321793,36565,-11570,6166,457837,44326,459087,49695,-1250,-5369
"2018/1/8",投信,183,359,252,502,-69,-143,5939,5255,43276,81416,-37337,-76162
"2018/1/8",外資及陸資,167330,108566,170245,112675,-2915,-4109,284891,177027,412620,62212,-127729,114815
"2018/1/9",自營商,338068,34933,319101,36748,18967,-1815,486698,44126,469067,51300,17631,-7175
"2018/1/9",投信,344,305,52,35,292,270,6235,5535,43280,81397,-37045,-75862
"2018/1/9",外資及陸資,152112,96658,142969,88116,9143,8542,294965,185788,413551,62498,-118586,123289
"2018/1/10",自營商,521194,52298,518851,61621,2343,-9323,406350,38383,376074,54802,30276,-16419
"2018/1/10",投信,1005,1019,1307,349,-302,670,5889,5267,42276,79970,-36387,-74703
"2018/1/10",外資及陸資,235245,133893,242395,132875,-7150,1018,298331,184558,420606,61230,-122275,123328
"2018/1/11",自營商,321501,50883,348442,48328,-26941,2555,433106,38350,429751,52239,3355,-13889
"2018/1/11",投信,3156,5856,4810,5244,-1654,612,5839,5155,43880,79165,-38041,-74010
"2018/1/11",外資及陸資,220095,148401,228108,150583,-8013,-2182,306621,186554,436909,65554,-130288,121000
"2018/1/12",自營商,374451,58348,355683,60466,18768,-2118,467577,42637,444142,58825,23435,-16188
"2018/1/12",投信,7960,14636,6802,12168,1158,2468,6321,5464,43204,77545,-36883,-72081
"2018/1/12",外資及陸資,178600,146179,174934,140202,3666,5977,311483,195953,438079,67843,-126596,128110
"2018/1/15",自營商,359053,64288,373249,53145,-14196,11143,477907,49021,468715,54088,9192,-5067
"2018/1/15",投信,20414,40649,19587,38833,827,1816,5794,5205,41850,76018,-36056,-70813
"2018/1/15",外資及陸資,220422,195206,232073,204760,-11651,-9554,304927,187898,443030,68225,-138103,119672
"2018/1/16",自營商,342000,60996,316278,62299,25722,-1303,491578,50223,455452,56625,36126,-6403
"2018/1/16",投信,14642,23899,14754,23952,-112,-53,5570,5121,41738,76154,-36168,-71033
"2018/1/16",外資及陸資,195539,186928,197122,192530,-1583,-5602,312325,197341,451978,82956,-139653,114385
"2018/1/17",自營商,584602,77145,546092,86606,38510,-9461,236404,26609,263619,42566,-27215,-15957
"2018/1/17",投信,2093,2705,2237,1601,-144,1104,6014,5290,39811,75236,-33797,-69946
"2018/1/17",外資及陸資,235737,144071,230073,130963,5664,13108,228613,177932,241465,56742,-12852,121190
"2018/1/18",自營商,501173,73368,511945,74438,-10772,-1070,295689,26204,333614,43310,-37925,-17106
"2018/1/18",投信,2695,5970,394,424,2301,5546,5741,5130,37237,69993,-31496,-64864
"2018/1/18",外資及陸資,243289,169358,264351,179097,-21062,-9739,238506,177302,272423,64864,-33917,112437
"2018/1/19",自營商,315051,47550,311651,44524,3400,3026,330469,31089,365034,45324,-34565,-14235
"2018/1/19",投信,364,393,1202,1605,-838,-1212,6022,5446,38356,72015,-32334,-66569
"2018/1/19",外資及陸資,154648,108563,155605,105953,-957,2610,251174,184260,286048,68172,-34874,116088
"2018/1/22",自營商,448620,65214,485893,54088,-37273,11126,352765,42395,424724,45594,-71959,-3199
"2018/1/22",投信,133,297,544,1217,-411,-920,6071,5596,38816,73598,-32745,-68002
"2018/1/22",外資及陸資,219910,139889,251062,158075,-31152,-18186,245581,171762,311607,72846,-66026,98917
"2018/1/23",自營商,495198,66335,503723,62835,-8525,3500,387966,45942,468381,45652,-80415,290
"2018/1/23",投信,167,308,2242,5034,-2075,-4726,6158,5733,40978,78483,-34820,-72750
"2018/1/23",外資及陸資,233528,144559,251772,153934,-18244,-9375,246744,167404,331014,77738,-84270,89666
"2018/1/24",自營商,629071,79244,645571,87324,-16500,-8080,307644,35943,368340,43719,-60696,-7777
"2018/1/24",投信,2432,323,3175,5447,-743,-5124,8028,5524,42751,82726,-34723,-77202
"2018/1/24",外資及陸資,275013,168717,279117,161665,-4104,7052,248811,169580,335139,74034,-86328,95545
"2018/1/25",自營商,498704,82414,471534,85520,27170,-3106,380287,37052,413787,47841,-33500,-10789
"2018/1/25",投信,351,718,2715,3371,-2364,-2653,8182,5876,45269,85901,-37087,-80026
"2018/1/25",外資及陸資,320919,223146,346090,210215,-25171,12931,262916,180647,374418,71940,-111502,108707
"2018/1/26",自營商,393932,65700,409581,69352,-15649,-3652,407948,34044,457086,48533,-49138,-14489
"2018/1/26",投信,280,591,1761,2794,-1481,-2203,8281,6141,46849,88330,-38568,-82189
"2018/1/26",外資及陸資,282219,182375,288020,181992,-5801,383,264556,179934,380972,70865,-116416,109069
"2018/1/29",自營商,374130,54630,380866,48013,-6736,6617,445030,40957,501218,48959,-56188,-8001
"2018/1/29",投信,102,228,1220,254,-1118,-26,8062,6000,47748,88537,-39686,-82537
"2018/1/29",外資及陸資,215537,135426,220279,141200,-4742,-5774,268672,175890,389830,71968,-121158,103922
"2018/1/30",自營商,506930,63836,510809,72209,-3879,-8373,469430,35921,530084,52062,-60654,-16141
"2018/1/30",投信,0,0,1627,1503,-1627,-1503,7969,5723,49282,88789,-41313,-83066
"2018/1/30",外資及陸資,278067,182388,276762,172102,1305,10286,278536,178950,398391,66304,-119855,112646
"2018/1/31",自營商,704670,86616,675446,88926,29224,-2310,375662,31520,416146,50081,-40484,-18560
"2018/1/31",投信,591,686,688,412,-97,274,8017,5765,48587,88794,-40570,-83030
"2018/1/31",外資及陸資,338753,189109,347202,185390,-8449,3719,283459,188172,402997,71339,-119538,116833
"2018/2/1",自營商,325047,52010,318928,48998,6119,3012,417601,35788,451937,51445,-34336,-15657
"2018/2/1",投信,697,1405,586,384,111,1021,8045,5877,48504,88366,-40459,-82489
"2018/2/1",外資及陸資,201476,151156,235655,156099,-34179,-4943,289372,188799,443098,76076,-153726,112723
"2018/2/2",自營商,403901,73764,408893,71564,-4992,2200,457085,39476,496450,52924,-39365,-13447
"2018/2/2",投信,228,507,481,1068,-253,-561,7936,5617,48648,88327,-40712,-82711
"2018/2/2",外資及陸資,269293,186918,286483,196213,-17190,-9295,285987,182197,456891,79316,-170904,102881
"2018/2/5",自營商,634883,95542,649956,95801,-15073,-259,471199,39348,525689,52828,-54490,-13480
"2018/2/5",投信,1000,378,425,928,575,-550,7941,5544,48078,87410,-40137,-81866
"2018/2/5",外資及陸資,331304,193174,337279,204358,-5975,-11184,298246,171653,475068,82136,-176822,89517
"2018/2/6",自營商,1094590,236031,1026375,248475,68215,-12444,611204,49760,597415,75299,13789,-25539
"2018/2/6",投信,2512,1556,3269,6738,-757,-5182,7840,5100,48734,88214,-40894,-83114
"2018/2/6",外資及陸資,646229,497831,540384,488896,105845,8935,395654,164779,466631,74757,-70977,90022
"2018/2/7",自營商,771071,135461,811684,132313,-40613,3148,449422,41101,442207,64601,7215,-23500
"2018/2/7",投信,8528,11585,6717,7957,1811,3628,7926,5323,47009,85783,-39083,-80460
"2018/2/7",外資及陸資,630763,370221,616250,358785,14513,11436,371688,168950,424918,65254,-53230,103696
"2018/2/8",自營商,265370,66210,270194,66010,-4824,200,474014,42699,471966,65979,2048,-23280
"2018/2/8",投信,6984,13374,7047,13416,-63,-42,7890,5312,47035,85813,-39145,-80501
"2018/2/8",外資及陸資,292369,252815,298287,256929,-5918,-4114,386420,168172,445571,68557,-59151,99615
"2018/2/9",自營商,410572,125381,425317,120650,-14745,4731,487356,48907,501814,66652,-14458,-17745
"2018/2/9",投信,21094,39457,21057,40555,37,-1098,8064,5459,47172,85764,-39108,-80305
"2018/2/9",外資及陸資,436801,363982,444509,371097,-7708,-7115,394935,165361,461714,75017,-66779,90345
"2018/2/12",自營商,398557,77566,379163,74738,19394,2828,538288,47539,533437,62684,4851,-15145
"2018/2/12",投信,18839,28160,16082,25948,2757,2212,8110,5580,44461,84075,-36351,-78495
"2018/2/12",外資及陸資,358579,316031,373197,316536,-14618,-505,413802,170957,495199,80421,-81397,90535
"2018/2/21",自營商,556434,88926,519912,81612,36522,7314,280427,30107,277546,44463,2881,-14356
"2018/2/21",投信,4236,7116,4325,1091,-89,6025,5753,5612,42584,81160,-36831,-75548
"2018/2/21",外資及陸資,302078,244691,284774,231850,17304,12841,297088,160796,281575,56545,15513,104251
"2018/2/22",自營商,199538,34125,210323,34195,-10785,-70,305358,30179,313416,44530,-8058,-14350
"2018/2/22",投信,179,380,555,1179,-376,-799,5289,4595,42496,80490,-37207,-75895
"2018/2/22",外資及陸資,185813,145805,198242,159374,-12429,-13569,298450,151678,295333,61626,3117,90052
"2018/2/23",自營商,332969,41294,316624,41361,16345,-67,340824,33353,332479,48078,8345,-14725
"2018/2/23",投信,1565,3293,256,190,1309,3103,5319,4726,41217,78655,-35898,-73928
"2018/2/23",外資及陸資,210171,156008,199205,143097,10966,12911,313453,162142,299383,57591,14070,104551
"2018/2/26",自營商,301945,34033,317835,32619,-15890,1414,350663,33144,358215,46563,-7552,-13419
"2018/2/26",投信,677,1463,104,225,573,1238,5375,4864,40700,77809,-35325,-72945
"2018/2/26",外資及陸資,158327,112425,167571,122338,-9244,-9913,308371,155552,303545,60473,4826,95080
"2018/2/27",自營商,337024,39321,323650,42880,13374,-3559,377093,32491,371306,49371,5787,-16880
"2018/2/27",投信,164,355,94,200,70,155,5459,5027,40714,77614,-35255,-72587
"2018/2/27",外資及陸資,175663,124534,177297,121482,-1634,3052,315081,156963,311889,59118,3192,97845
"2018/3/1",自營商,539499,57800,540743,58356,-1244,-556,326621,32497,325144,49797,1477,-17301
"2018/3/1",投信,47,57,1127,1825,-1080,-1768,5389,4810,41109,78791,-35720,-73981
"2018/3/1",外資及陸資,280763,170911,280351,170077,412,834,318420,156769,314794,58649,3626,98120
"2018/3/2",自營商,311736,57802,322517,58676,-10781,-874,354685,34613,364308,52634,-9623,-18021
"2018/3/2",投信,253,62,809,1725,-556,-1663,5326,4646,41602,79904,-36276,-75258
"2018/3/2",外資及陸資,256435,213365,260376,212681,-3941,684,321102,157487,321471,59261,-369,98227
"2018/3/5",自營商,366899,57330,372486,57583,-5587,-253,380890,35339,396314,53518,-15424,-18179
"2018/3/5",投信,56,119,411,874,-355,-755,5276,4523,41907,80218,-36631,-75694
"2018/3/5",外資及陸資,298614,221021,302153,223669,-3539,-2648,325484,159288,329485,64086,-4001,95202
"2018/3/6",自營商,400722,57236,379257,53238,21465,3998,411987,40847,405934,55483,6053,-14636
"2018/3/6",投信,1027,2214,1896,217,-869,1997,5310,4663,42810,79468,-37500,-74804
"2018/3/6",外資及陸資,243212,176584,240596,168512,2616,8072,330819,167334,332204,62431,-1385,104903
"2018/3/7",自營商,565181,62438,550584,65739,14597,-3301,378530,36430,363696,54219,14834,-17789
"2018/3/7",投信,153,329,337,512,-184,-183,5250,4541,42934,78986,-37684,-74446
"2018/3/7",外資及陸資,270250,174541,276627,178950,-6377,-4409,329091,164693,334021,64939,-4930,99754
"2018/3/8",自營商,280337,41943,258684,39510,21653,2433,427031,39122,390314,54772,36717,-15650
"2018/3/8",投信,815,1695,547,215,268,1480,5280,4657,42696,78455,-37416,-73798
"2018/3/8",外資及陸資,194688,152484,194577,142029,111,10455,339824,176118,344670,64675,-4846,111444
"2018/3/9",自營商,266871,40932,271422,42253,-4551,-1321,432130,38903,399813,55984,32317,-17081
"2018/3/9",投信,1048,2276,70,152,978,2124,5283,4679,41721,76587,-36438,-71908
"2018/3/9",外資及陸資,191695,140043,198148,142403,-6453,-2360,341528,173362,352795,63880,-11267,109481
"2018/3/12",自營商,401666,55359,369726,52963,31940,2396,488030,44958,423722,59948,64308,-14989
"2018/3/12",投信,1596,3516,77,169,1519,3347,5349,4892,40268,74517,-34919,-69625
"2018/3/12",外資及陸資,199076,136944,193586,129907,5490,7037,359202,186990,365020,68710,-5818,118280
"2018/3/13",自營商,386066,47732,376786,44720,9280,3012,507800,49682,434123,61790,73677,-12108
"2018/3/13",投信,1164,1856,378,104,786,1752,5336,4897,39469,73266,-34133,-68369
"2018/3/13",外資及陸資,181679,115102,178505,116203,3174,-1101,365179,187357,367823,69225,-2644,118132
"2018/3/14",自營商,470217,56187,485012,57023,-14795,-836,412482,45684,386158,58408,26324,-12724
"2018/3/14",投信,299,297,540,332,-241,-35,5342,4884,39268,72853,-33926,-67969
"2018/3/14",外資及陸資,236974,137784,258768,144589,-21794,-6805,356334,179012,369600,68535,-13266,110477
"2018/3/15",自營商,220711,43125,217660,45234,3051,-2109,431610,48327,402253,63227,29357,-14900
"2018/3/15",投信,3452,6515,3584,6614,-132,-99,5214,4789,39272,72921,-34058,-68132
"2018/3/15",外資及陸資,187872,145397,190550,143317,-2678,2080,364844,188622,380788,75934,-15944,112688
"2018/3/16",自營商,332448,78785,361362,72919,-28914,5866,430071,49871,430045,58870,26,-8999
"2018/3/16",投信,4925,9473,5495,10172,-570,-699,5066,4691,39694,73361,-34628,-68671
"2018/3/16",外資及陸資,248136,202597,269835,218940,-21699,-16343,356804,177078,394174,81032,-37370,96046
"2018/3/19",自營商,300018,67520,285224,69337,14794,-1817,442448,42612,426165,53473,16283,-10861
"2018/3/19",投信,17178,34866,17555,35657,-377,-791,5082,4742,40087,74266,-35005,-69524
"2018/3/19",外資及陸資,218789,218292,220359,214496,-1570,3796,363326,184153,402088,84218,-38762,99935
"2018/3/20",自營商,273405,56085,287910,54714,-14505,1371,442297,45653,440405,55110,1892,-9457
"2018/3/20",投信,15807,26241,15779,26293,28,-52,5022,4610,39999,74077,-34977,-69467
"2018/3/20",外資及陸資,241905,214774,241795,214162,110,612,378051,196787,416703,96419,-38652,100368
"2018/3/21",自營商,453924,78067,450698,79421,3226,-1354,223313,28927,227181,44677,-3868,-15750
"2018/3/21",投信,1461,930,2640,632,-1179,298,5002,4598,39147,73874,-34145,-69276
"2018/3/21",外資及陸資,213178,126671,214052,126858,-874,-187,216872,159618,197053,60688,19819,98929
"2018/3/22",自營商,367907,63595,356646,65942,11261,-2347,272795,29025,265512,47077,7283,-18052
"2018/3/22",投信,173,366,1894,2171,-1721,-1805,5044,4664,40910,75664,-35866,-71000
"2018/3/22",外資及陸資,256805,186346,265573,184397,-8768,1949,239256,158885,228206,58125,11050,100760
"2018/3/23",自營商,390053,68425,403112,70234,-13059,-1809,329692,32081,335458,51269,-5766,-19188
"2018/3/23",投信,989,488,1547,3323,-558,-2835,5131,4406,41555,76590,-36424,-72184
"2018/3/23",外資及陸資,352567,232956,350155,235025,2412,-2069,259299,159975,245834,63714,13465,96261
"2018/3/26",自營商,331076,57831,348248,53772,-17172,4059,341246,31673,364913,47122,-23667,-15450
"2018/3/26",投信,153,330,623,864,-470,-534,5176,4541,42070,77973,-36894,-73432
"2018/3/26",外資及陸資,262133,201574,267000,193627,-4867,7947,259495,166291,250714,60929,8781,105362
"2018/3/27",自營商,435836,58925,411141,58895,24695,30,368376,34202,367971,49917,405,-15714
"2018/3/27",投信,918,1991,168,122,750,1869,5212,4680,41356,77247,-36144,-72567
"2018/3/27",外資及陸資,256098,176288,268848,180105,-12750,-3817,263279,165089,267020,61944,-3741,103145
"2018/3/28",自營商,465838,63652,479893,68017,-14055,-4365,298107,28779,290995,48418,7112,-19639
"2018/3/28",投信,512,36,1178,1685,-666,-1649,5113,4424,39899,77506,-34786,-73082
"2018/3/28",外資及陸資,278225,180000,289522,192208,-11297,-12208,254728,160563,269633,71342,-14905,89221
"2018/3/29",自營商,248267,48934,251181,48116,-2914,818,327009,29280,322963,48193,4046,-18912
"2018/3/29",投信,102,221,334,382,-232,-161,4953,4383,39971,77760,-35018,-73377
"2018/3/29",外資及陸資,232760,210731,245003,208004,-12243,2727,258479,159903,285588,67777,-27109,92126
"2018/3/30",自營商,253430,43811,228951,45955,24479,-2144,354516,29770,325942,51019,28574,-21248
"2018/3/30",投信,650,1420,140,306,510,1114,4990,4494,39498,77291,-34508,-72797
"2018/3/30",外資及陸資,177538,139413,171048,125578,6490,13835,273568,167108,294217,60392,-20649,106716
"2018/3/31",自營商,120176,14724,123387,15837,-3211,-1113,362361,29105,337071,51467,25290,-22362
"2018/3/31",投信,29,63,950,5,-921,58,4993,4504,40422,77284,-35429,-72780
"2018/3/31",外資及陸資,19927,8495,20005,8448,-78,47,274721,168042,295448,61205,-20727,106837
"2018/4/2",自營商,201112,41334,204553,41436,-3441,-102,370792,28269,349350,50595,21442,-22327
"2018/4/2",投信,208,452,1439,1068,-1231,-616,4943,4368,41603,77350,-36660,-72983
"2018/4/2",外資及陸資,164091,126415,166657,126813,-2566,-398,280511,166790,303377,61016,-22866,105774
"2018/4/3",自營商,258511,47207,284941,47517,-26430,-310,369175,29150,374588,51590,-5413,-22439
"2018/4/3",投信,810,423,741,1598,69,-1175,5042,4512,41633,78123,-36591,-73611
"2018/4/3",外資及陸資,251294,187306,263106,193112,-11812,-5806,282740,164575,316859,65439,-34119,99136
"2018/4/9",自營商,496552,68032,467443,62126,29109,5906,332369,32585,329518,49420,2851,-16835
"2018/4/9",投信,1889,3306,528,314,1361,2992,5030,4554,40260,75993,-35230,-71439
"2018/4/9",外資及陸資,281156,204056,277526,194977,3630,9079,275356,170926,293108,61359,-17752,109567
"2018/4/10",自營商,427724,66766,413464,68703,14260,-1937,373875,32715,356406,51583,17469,-18869
"2018/4/10",投信,1549,3390,89,195,1460,3195,5100,4733,38870,73267,-33770,-68534
"2018/4/10",外資及陸資,254780,199394,262181,199780,-7401,-386,283917,173019,308728,63383,-24811,109637
"2018/4/11",自營商,455557,57751,432803,50380,22754,7371,344479,36514,328144,48068,16335,-11554
"2018/4/11",投信,2779,1905,124,235,2655,1670,5026,4595,36141,71637,-31115,-67042
"2018/4/11",外資及陸資,228199,144561,247239,146883,-19040,-2322,292411,172939,331628,65314,-39217,107624
"2018/4/12",自營商,257319,54740,276621,51878,-19302,2862,352088,36264,355106,44946,-3018,-8682
"2018/4/12",投信,2872,5194,2048,3384,824,1810,4995,4510,35286,69525,-30291,-65015
"2018/4/12",外資及陸資,196157,157131,222986,173373,-26829,-16242,283387,156859,349364,65832,-65977,91027
"2018/4/13",自營商,247899,49323,230579,48129,17320,1194,373322,40606,358301,48153,15021,-7547
"2018/4/13",投信,6298,12714,5078,10024,1220,2690,5006,4538,34077,66960,-29071,-62422
"2018/4/13",外資及陸資,179103,152127,178358,147119,745,5008,293839,164638,359071,68429,-65232,96209
"2018/4/16",自營商,251708,57077,267765,56395,-16057,682,378523,41531,379214,48411,-691,-6879
"2018/4/16",投信,17899,35659,17596,34920,303,739,4979,4495,33747,66098,-28768,-61602
"2018/4/16",外資及陸資,226957,236080,233899,241150,-6942,-5070,294946,164875,367114,73840,-72168,91035
"2018/4/17",自營商,424980,85339,452537,94701,-27557,-9362,377453,34871,405217,50810,-27764,-15939
"2018/4/17",投信,13624,21584,14221,23559,-597,-1975,5233,4274,34599,67081,-29366,-62808
"2018/4/17",外資及陸資,264282,205793,266859,217184,-2577,-11391,298593,159502,373167,80944,-74574,78559
"2018/4/18",自營商,700138,115302,676609,111519,23529,3783,193724,26785,205245,36926,-11521,-10141
"2018/4/18",投信,1117,1147,3176,1078,-2059,69,5062,4368,36498,67415,-31436,-63047
"2018/4/18",外資及陸資,258539,173074,255008,164467,3531,8607,196030,146344,151894,61145,44136,85199
"2018/4/19",自營商,293769,52022,266974,51681,26795,341,242406,35493,226787,45404,15619,-9911
"2018/4/19",投信,1060,2324,625,160,435,2164,5248,4829,36249,66423,-31001,-61594
"2018/4/19",外資及陸資,215078,164709,190828,136687,24250,28022,227504,174392,159219,60043,68285,114350
"2018/4/20",自營商,340213,66064,383906,76237,-43693,-10173,263206,24938,292846,44666,-29640,-19728
"2018/4/20",投信,355,352,1401,2340,-1046,-1988,5038,4580,37085,67125,-32047,-62544
"2018/4/20",外資及陸資,237793,171864,281650,223403,-43857,-51539,216855,144669,191922,83574,24933,61095
"2018/4/23",自營商,396966,60193,422950,59790,-25984,403,272964,23662,329332,42784,-56368,-19122
"2018/4/23",投信,139,298,381,814,-242,-516,5081,4639,37370,67146,-32289,-62506
"2018/4/23",外資及陸資,246325,171642,255290,174727,-8965,-3085,216676,140675,200675,83225,16001,57450
"2018/4/24",自營商,521696,69435,548556,72542,-26860,-3107,296719,23515,380603,45515,-83884,-22000
"2018/4/24",投信,147,312,199,422,-52,-110,5108,4670,37449,66678,-32341,-62008
"2018/4/24",外資及陸資,302764,196274,308910,197941,-6146,-1667,220751,135963,210693,80774,10058,55189
"2018/4/25",自營商,609094,78127,638305,70177,-29211,7950,221310,25005,290929,38778,-69619,-13773
"2018/4/25",投信,1466,1431,403,33,1063,1398,5449,5280,34827,65571,-29378,-60291
"2018/4/25",外資及陸資,362425,217085,367086,216195,-4661,890,211455,131931,203121,76091,8334,55839
"2018/4/26",自營商,360766,52648,358368,57853,2398,-5205,258779,23179,325989,41996,-67210,-18817
"2018/4/26",投信,774,1239,685,187,89,1052,5473,5295,34762,64203,-29289,-58908
"2018/4/26",外資及陸資,302905,205448,298953,207107,3952,-1659,249451,130614,237144,76701,12307,53914
"2018/4/27",自營商,291278,44598,281153,43463,10125,1135,281350,22608,338255,40504,-56905,-17896
"2018/4/27",投信,530,1119,1553,211,-1023,908,5479,5350,35791,63827,-30312,-58477
"2018/4/27",外資及陸資,242508,157578,232510,147295,9998,10283,236246,134413,213980,69709,22266,64704
"2018/4/30",自營商,351499,50663,330545,49307,20954,1356,311981,24826,347680,41524,-35699,-16698
"2018/4/30",投信,874,1842,230,106,644,1736,5548,5523,35216,62777,-29668,-57254
"2018/4/30",外資及陸資,243193,152382,246302,155899,-3109,-3517,251117,133699,231963,71940,19154,61759
"2018/5/2",自營商,373897,44891,376964,41754,-3067,3137,252910,24751,314975,38265,-62065,-13514
"2018/5/2",投信,924,1193,533,227,391,966,5569,5581,33846,61627,-28277,-56046
"2018/5/2",外資及陸資,213735,123465,207554,124026,6181,-561,250113,135946,224008,74958,26105,60989
"2018/5/3",自營商,278637,47779,293077,50359,-14440,-2580,279725,26499,356227,42463,-76502,-15964
"2018/5/3",投信,395,641,273,393,122,248,5543,5472,33698,60716,-28155,-55244
"2018/5/3",外資及陸資,219472,160055,226356,167772,-6884,-7717,258819,132063,239571,79349,19248,52714
"2018/5/4",自營商,303195,51782,308613,49261,-5418,2521,291756,25595,374076,39085,-82320,-13490
"2018/5/4",投信,160,251,55,26,105,225,5588,5578,33638,60688,-28050,-55110
"2018/5/4",外資及陸資,257822,179614,257801,179436,21,178,261305,125138,234906,72138,26399,53001
"2018/5/7",自營商,342986,57776,343669,54363,-683,3413,298643,27763,381529,37963,-82886,-10200
"2018/5/7",投信,632,1339,60,127,572,1212,5623,5695,33101,59967,-27478,-54272
"2018/5/7",外資及陸資,235862,151878,236942,155728,-1080,-3850,266756,126216,241447,76678,25309,49538
"2018/5/8",自營商,377352,46800,350072,45040,27280,1760,331851,30840,387285,39381,-55434,-8541
"2018/5/8",投信,360,768,24,51,336,717,5658,5814,32800,59746,-27142,-53932
"2018/5/8",外資及陸資,204685,131111,190319,115308,14366,15803,282928,136588,243263,70855,39665,65732
"2018/5/9",自營商,535874,56051,513050,54707,22824,1344,275946,31682,334189,38941,-58243,-7259
"2018/5/9",投信,1167,872,864,294,303,578,5281,5837,32120,59375,-26839,-53538
"2018/5/9",外資及陸資,240799,152883,231980,142667,8819,10216,283718,143133,236361,66916,47357,76217
"2018/5/10",自營商,230376,46636,226129,42422,4247,4214,295041,37563,348994,40627,-53953,-3063
"2018/5/10",投信,1517,1325,1142,1159,375,166,5433,5495,31897,59163,-26464,-53668
"2018/5/10",外資及陸資,174117,131414,181783,133889,-7666,-2475,284290,143321,244599,69201,39691,74120
"2018/5/11",自營商,320157,56664,289128,61870,31029,-5206,320882,37076,343719,45377,-22837,-8301
"2018/5/11",投信,3803,7059,3540,6523,263,536,5459,5597,31660,59230,-26201,-53632
"2018/5/11",外資及陸資,203279,171468,183554,151866,19725,19602,297289,159569,238005,65119,59284,94450
"2018/5/14",自營商,387338,62791,392027,58263,-4689,4528,338044,40044,365022,43948,-26978,-3904
"2018/5/14",投信,17862,35326,17880,35147,-18,179,5371,5633,31590,59588,-26219,-53955
"2018/5/14",外資及陸資,245740,195149,238736,196400,7004,-1251,310755,166485,244467,72378,66288,94107
"2018/5/15",自營商,402583,71561,422333,73867,-19750,-2306,346947,36698,393827,42787,-46880,-6089
"2018/5/15",投信,12862,21118,13294,21879,-432,-761,5133,5416,31812,59681,-26679,-54265
"2018/5/15",外資及陸資,237589,213540,237388,217674,201,-4134,319885,169588,253233,80349,66652,89239
"2018/5/16",自營商,520214,83558,509919,84237,10295,-679,174615,20265,196298,31720,-21683,-11455
"2018/5/16",投信,1319,1434,1352,1274,-33,160,5230,5404,31424,59431,-26194,-54027
"2018/5/16",外資及陸資,267027,165681,279993,160873,-12966,4808,230427,151775,155420,54552,75007,97223
"2018/5/17",自營商,217927,43369,229269,44080,-11342,-711,193770,23438,226853,35526,-33083,-12089
"2018/5/17",投信,75,114,1111,248,-1036,-134,5197,5253,32427,59117,-27230,-53864
"2018/5/17",外資及陸資,146581,110790,159238,124766,-12657,-13976,232746,144424,170396,61638,62350,82785
"2018/5/18",自營商,216957,36434,215755,39146,1202,-2712,215421,22259,247403,37064,-31982,-14805
"2018/5/18",投信,60,130,448,186,-388,-56,5197,5255,32815,59142,-27618,-53887
"2018/5/18",外資及陸資,145615,110608,149238,107966,-3623,2642,235087,147169,176270,61805,58817,85364
"2018/5/21",自營商,281250,46655,276008,43403,5242,3252,234359,25396,261018,37203,-26659,-11807
"2018/5/21",投信,463,1014,777,91,-314,923,5264,5468,33196,59151,-27932,-53684
"2018/5/21",外資及陸資,146160,115259,140966,106332,5194,8927,241643,157927,177629,62433,64014,95493
"2018/5/22",自營商,307450,49159,325376,44453,-17926,4706,252420,30896,296906,37971,-44486,-7076
"2018/5/22",投信,62,136,606,1324,-544,-1188,5160,5218,33636,59873,-28476,-54655
"2018/5/22",外資及陸資,165592,112366,176407,121962,-10815,-9596,241522,150323,188323,64751,53199,85572
"2018/5/23",自營商,415865,49706,430349,55408,-14484,-5702,209800,26687,251004,39379,-41204,-12692
"2018/5/23",投信,558,414,984,1346,-426,-932,5117,5167,33699,60446,-28582,-55279
"2018/5/23",外資及陸資,211650,137156,216426,134667,-4776,2489,239897,156706,177525,69108,62372,87599
"2018/5/24",自營商,236636,38590,228582,33420,8054,5170,241560,32259,274918,39858,-33358,-7599
"2018/5/24",投信,114,249,374,129,-260,120,5119,5196,33961,60662,-28842,-55466
"2018/5/24",外資及陸資,169202,132332,166975,126270,2227,6062,249785,161687,184821,67525,64964,94163
"2018/5/25",自營商,242239,38306,223748,41376,18491,-3070,269701,31072,284532,41763,-14831,-10691
"2018/5/25",投信,26,57,80,76,-54,-19,5122,5208,34018,60775,-28896,-55567
"2018/5/25",外資及陸資,187906,142690,182141,135556,5765,7134,258902,168896,187983,67470,70919,101425
"2018/5/28",自營商,221654,35970,230829,31637,-9175,4333,276981,35659,300978,42071,-23997,-6412
"2018/5/28",投信,423,929,196,79,227,850,5125,5240,33794,60221,-28669,-54982
"2018/5/28",外資及陸資,138075,110775,144873,114602,-6798,-3827,257991,166472,193870,68416,64121,98056
"2018/5/29",自營商,268816,44591,283301,41658,-14485,2933,287531,38165,326067,41619,-38536,-3454
"2018/5/29",投信,125,273,146,270,-21,3,5019,5029,33709,59736,-28690,-54707
"2018/5/29",外資及陸資,161455,120795,169348,124496,-7893,-3701,256721,161976,200433,68099,56288,93877
"2018/5/30",自營商,490249,63113,563223,74390,-72974,-11277,239149,30342,296629,44875,-57480,-14532
"2018/5/30",投信,523,78,1045,1544,-522,-1466,4924,4777,33896,60183,-28972,-55407
"2018/5/30",外資及陸資,258690,160262,280726,177874,-22036,-17612,252559,156116,208644,81109,43915,75008
"2018/5/31",自營商,254456,44564,251438,42961,3018,1603,268558,30279,323061,43306,-54503,-13028
"2018/5/31",投信,318,691,1,2,317,689,4954,4885,33609,60038,-28655,-55153
"2018/5/31",外資及陸資,177683,147932,174999,138077,2684,9855,260140,160337,213541,74850,46599,85487
"2018/6/1",自營商,271074,43303,241643,41693,29431,1610,297062,32312,322163,43879,-25101,-11567
"2018/6/1",投信,153,300,419,304,-266,-4,4978,4953,33899,60361,-28921,-55408
"2018/6/1",外資及陸資,162744,135761,160102,122846,2642,12915,263057,166510,213810,67605,49247,98904
"2018/6/4",自營商,374765,57344,372129,54315,2636,3029,318715,37417,340881,46209,-22166,-8792
"2018/6/4",投信,330,730,358,367,-28,363,5012,5101,33961,61009,-28949,-55908
"2018/6/4",外資及陸資,163725,118870,152329,108133,11396,10737,277410,181879,216982,70551,60428,111328
"2018/6/5",自營商,356362,45350,371400,45730,-15038,-380,318474,37539,355538,46691,-37064,-9151
"2018/6/5",投信,2293,194,393,870,1900,-676,5005,5084,32054,61591,-27049,-56507
"2018/6/5",外資及陸資,185793,123941,187172,125715,-1379,-1774,278813,178995,219892,69594,58921,109401
"2018/6/6",自營商,565081,62494,493779,67902,71302,-5408,281843,41821,301996,56558,-20153,-14737
"2018/6/6",投信,682,880,882,262,-200,618,4950,5074,31751,61621,-26801,-56546
"2018/6/6",外資及陸資,230097,149622,226231,131916,3866,17706,280082,194549,211968,66014,68114,128535
"2018/6/7",自營商,283907,50988,301483,48642,-17576,2346,299002,40464,336746,52932,-37744,-12468
"2018/6/7",投信,121,271,292,656,-171,-385,4982,5158,31954,62229,-26972,-57071
"2018/6/7",外資及陸資,180907,145550,195760,154595,-14853,-9045,280626,189675,227365,69852,53261,119823
"2018/6/8",自營商,269418,45595,275546,47367,-6128,-1772,314036,40121,357958,54130,-43922,-14009
"2018/6/8",投信,25,50,697,1252,-672,-1202,4933,4991,32577,62739,-27644,-57748
"2018/6/8",外資及陸資,183141,138905,195231,143976,-12090,-5071,283400,184127,242229,70491,41171,113636
"2018/6/11",自營商,289821,39321,299021,42998,-9200,-3677,325204,37837,378340,55537,-53136,-17700
"2018/6/11",投信,6,13,199,443,-193,-430,4807,4715,32644,62909,-27837,-58194
"2018/6/11",外資及陸資,187059,130192,201525,132883,-14466,-2691,287140,183711,260438,72749,26702,110962
"2018/6/12",自營商,410098,59765,430182,59259,-20084,506,343427,37935,416730,55073,-73303,-17138
"2018/6/12",投信,216,72,154,260,62,-188,4726,4625,32501,63067,-27775,-58442
"2018/6/12",外資及陸資,268028,177127,279606,177970,-11578,-843,290348,183401,275245,73197,15103,110204
"2018/6/13",自營商,392517,51907,381455,49069,11062,2838,292602,39086,344145,53430,-51543,-14345
"2018/6/13",投信,405,110,638,80,-233,30,4756,4706,32380,63150,-27624,-58445
"2018/6/13",外資及陸資,223213,126861,232027,128988,-8814,-2127,285134,180859,274601,72606,10533,108254
"2018/6/14",自營商,309200,54458,324974,58798,-15774,-4340,307794,34090,375213,52479,-67419,-18389
"2018/6/14",投信,4216,7921,4785,9005,-569,-1084,4843,4826,33036,63496,-28193,-58669
"2018/6/14",外資及陸資,190460,152043,205929,167549,-15469,-15506,285443,173149,290390,81893,-4947,91255
"2018/6/15",自營商,305160,49520,287259,50507,17901,-987,320108,36086,370232,55684,-50124,-19597
"2018/6/15",投信,14626,30205,14618,29591,8,614,4890,4954,33055,63306,-28165,-58352
"2018/6/15",外資及陸資,227984,206711,233451,202852,-5467,3859,292084,186751,302489,90989,-10405,95762
"2018/6/19",自營商,383383,77000,430760,71618,-47377,5382,324150,37318,422502,51094,-98352,-13776
"2018/6/19",投信,17251,27778,17873,29226,-622,-1448,4657,4299,33446,63117,-28789,-58818
"2018/6/19",外資及陸資,318562,313270,331867,329219,-13305,-15949,294956,179925,318546,101587,-23590,78337
"2018/6/20",自營商,657724,94068,643569,108649,14155,-14581,136050,21528,214553,47239,-78503,-25711
"2018/6/20",投信,1631,2050,1087,1182,544,868,4625,4288,32882,62863,-28257,-58575
"2018/6/20",外資及陸資,324667,215289,322753,209427,1914,5862,175195,154838,146398,73859,28797,80979
"2018/6/21",自營商,201631,39555,214834,38307,-13203,1248,160389,23377,251931,47799,-91542,-24422
"2018/6/21",投信,256,545,226,106,30,439,4655,4331,32882,62295,-28227,-57964
"2018/6/21",外資及陸資,164173,129101,174080,139468,-9907,-10367,178786,151695,159896,81265,18890,70430
"2018/6/22",自營商,279615,41492,287184,48574,-7569,-7082,181337,21669,280524,52969,-99187,-31300
"2018/6/22",投信,585,1196,71,150,514,1046,5217,5456,32930,62100,-27713,-56644
"2018/6/22",外資及陸資,197559,162476,208270,167358,-10711,-4882,182647,151728,174468,86522,8179,65206
"2018/6/25",自營商,239542,41033,241828,36343,-2286,4690,193565,22526,294878,48759,-101313,-26233
"2018/6/25",投信,90,175,101,210,-11,-35,5240,5455,32964,61770,-27724,-56314
"2018/6/25",外資及陸資,166869,130951,175027,133451,-8158,-2500,177295,148036,177253,85853,42,62183
"2018/6/26",自營商,402367,58714,418897,58651,-16530,63,220422,23275,338251,49519,-117829,-26243
"2018/6/26",投信,740,615,116,240,624,375,5478,5859,32578,61829,-27100,-55970
"2018/6/26",外資及陸資,268366,193950,275050,197796,-6684,-3846,181512,146123,188100,87725,-6588,58398
"2018/6/27",自營商,425159,48926,422988,46100,2171,2826,153308,23849,263275,47181,-109967,-23332
"2018/6/27",投信,323,117,636,756,-313,-639,5456,5803,32869,62230,-27413,-56427
"2018/6/27",外資及陸資,217163,144028,226816,142871,-9653,1157,176456,145178,183535,85838,-7079,59340
"2018/6/28",自營商,304214,50850,297730,54299,6484,-3449,201648,23194,305124,49951,-103476,-26757
"2018/6/28",投信,141,256,41,86,100,170,5568,5987,32881,62057,-27313,-56069
"2018/6/28",外資及陸資,241627,192644,256402,197806,-14775,-5162,184474,149624,206328,95589,-21854,54036
"2018/6/29",自營商,342769,49904,313698,47139,29071,2765,237396,26259,311754,50735,-74358,-24476
"2018/6/29",投信,1060,2263,241,1,819,2262,5674,6313,32168,60939,-26494,-54626
"2018/6/29",外資及陸資,230232,186798,222861,172855,7371,13943,196285,159680,210768,90810,-14483,68871
"2018/7/2",自營商,308782,51285,316193,47733,-7411,3552,243500,25282,325222,46204,-81722,-20922
"2018/7/2",投信,53,102,358,777,-305,-675,5592,6065,32391,61020,-26799,-54955
"2018/7/2",外資及陸資,199182,148025,202536,147098,-3354,927,198146,152219,216013,82721,-17867,69498
"2018/7/3",自營商,523154,79429,539862,77019,-16708,2410,257885,27925,356452,46358,-98567,-18433
"2018/7/3",投信,115,239,279,591,-164,-352,5636,6170,32599,61543,-26963,-55373
"2018/7/3",外資及陸資,351820,236769,360855,244706,-9035,-7937,201681,151784,228638,90156,-26957,61628
"2018/7/4",自營商,426253,47300,443038,47314,-16785,-14,189902,27849,295718,46282,-105816,-18433
"2018/7/4",投信,590,306,2284,42,-1694,264,5729,6365,34146,61452,-28417,-55086
"2018/7/4",外資及陸資,248525,144730,243905,147052,4620,-2322,194751,149697,207588,90394,-12837,59303
"2018/7/5",自營商,326979,55145,342571,57565,-15592,-2420,219552,30776,340732,51325,-121180,-20549
"2018/7/5",投信,67,138,638,1342,-571,-1204,5743,6326,34731,62026,-28988,-55700
"2018/7/5",外資及陸資,227984,184226,252636,199837,-24652,-15611,196080,144969,233569,101806,-37489,43162
"2018/7/6",自營商,405491,69733,416545,68153,-11054,1580,244602,30901,376737,50108,-132135,-19207
"2018/7/6",投信,157,318,74,154,83,164,5863,6590,34768,62318,-28905,-55729
"2018/7/6",外資及陸資,317821,246721,325377,239941,-7556,6780,203153,151515,248231,101328,-45078,50187
"2018/7/9",自營商,389472,51480,342775,52655,46697,-1175,279574,30265,365457,50924,-85883,-20658
"2018/7/9",投信,1295,2750,70,149,1225,2601,6040,7041,33720,60820,-27680,-53779
"2018/7/9",外資及陸資,259946,181331,243449,166824,16497,14507,213848,163180,242456,97788,-28608,65391
"2018/7/10",自營商,316500,41474,317048,38967,-548,2507,291624,33084,378210,51367,-86586,-18283
"2018/7/10",投信,2198,611,51,109,2147,502,6202,7389,31735,60894,-25533,-53505
"2018/7/10",外資及陸資,195491,131962,195516,126215,-25,5747,213437,160118,242109,88685,-28672,71434
"2018/7/11",自營商,491174,64921,516201,63490,-25027,1431,215447,32298,309405,48855,-93958,-16557
"2018/7/11",投信,443,379,1180,1142,-737,-763,6276,7464,32546,61265,-26270,-53801
"2018/7/11",外資及陸資,266151,174667,277337,182035,-11186,-7368,203415,154359,232082,90926,-28667,63433
"2018/7/12",自營商,343218,54863,310330,56433,32888,-1570,264176,35572,325298,53960,-61122,-18387
"2018/7/12",投信,1342,2870,534,784,808,2086,6329,7661,31791,60001,-25462,-52340
"2018/7/12",外資及陸資,227709,170950,227417,156661,292,14289,223202,170835,251595,92276,-28393,78559
"2018/7/13",自營商,323615,53400,311459,49959,12156,3441,283899,42817,331517,57995,-47618,-15178
"2018/7/13",投信,6339,12094,5766,10532,573,1562,6411,7908,31300,59222,-24889,-51314
"2018/7/13",外資及陸資,201765,159031,201628,159355,137,-324,227445,174091,255731,95055,-28286,79036
"2018/7/16",自營商,263506,57150,279452,56229,-15946,921,293673,45667,356661,59856,-62988,-14189
"2018/7/16",投信,15603,30775,15661,30501,-58,274,6439,7921,31364,58798,-24925,-50877
"2018/7/16",外資及陸資,216620,216597,217738,216889,-1118,-292,231933,172499,261337,93976,-29404,78523
"2018/7/17",自營商,316804,60447,315044,67067,1760,-6620,292814,38776,355415,59433,-62601,-20657
"2018/7/17",投信,13673,22237,14192,23169,-519,-932,6439,7872,31883,59486,-25444,-51614
"2018/7/17",外資及陸資,254869,249149,264391,254717,-9522,-5568,240259,190296,278680,117638,-38421,72658
"2018/7/18",自營商,523690,85838,481847,94847,41843,-9009,151343,22136,193407,49493,-42064,-27357
"2018/7/18",投信,1880,1923,1916,1907,-36,16,6367,7782,31662,59659,-25295,-51876
"2018/7/18",外資及陸資,255818,172972,248280,153996,7538,18976,176857,161176,144121,76832,32736,84344
"2018/7/19",自營商,243481,46414,242009,45316,1472,1098,180267,24597,220776,50961,-40509,-26364
"2018/7/19",投信,135,266,1219,153,-1084,113,6463,7972,32842,59763,-26379,-51791
"2018/7/19",外資及陸資,185724,153477,184108,147903,1616,5574,192790,167365,158435,77387,34355,89978
"2018/7/20",自營商,388675,67619,366586,66888,22089,731,218023,27908,236465,53798,-18442,-25890
"2018/7/20",投信,679,1457,587,961,92,496,6125,7355,32412,59172,-26287,-51817
"2018/7/20",外資及陸資,290332,233705,274363,218011,15969,15694,212071,188760,161792,82108,50279,106652
"2018/7/23",自營商,295210,50759,302318,46399,-7108,4360,219888,29872,245385,51434,-25497,-21561
"2018/7/23",投信,185,233,2067,1991,-1882,-1758,6188,7335,34357,60913,-28169,-53578
"2018/7/23",外資及陸資,216546,159764,218861,160802,-2315,-1038,211275,185047,163311,79383,47964,105665
"2018/7/24",自營商,261557,38207,274835,34425,-13278,3782,235365,33928,274202,51870,-38837,-17942
"2018/7/24",投信,78,165,62,83,16,82,6217,7437,34370,61125,-28153,-53688
"2018/7/24",外資及陸資,165133,121656,172443,127789,-7310,-6133,211928,179523,171274,79613,40654,99909
"2018/7/25",自營商,324590,34491,322766,36388,1824,-1897,180937,32087,222901,51805,-41964,-19718
"2018/7/25",投信,345,93,674,188,-329,-95,6045,7298,34263,61034,-28218,-53736
"2018/7/25",外資及陸資,183624,118787,180472,112361,3152,6426,211654,182613,161860,76430,49794,106183
