日期,身份別,多方交易口數,多方交易契約金額(百萬元),空方交易口數,空方交易契約金額(百萬元),多空交易口數淨額,多空交易契約金額淨額(百萬元),多方未平倉口數,多方未平倉契約金額(百萬元),空方未平倉口數,空方未平倉契約金額(百萬元),多空未平倉口數淨額,多空未平倉契約金額淨額(百萬元)
2019/01/21,自營商,327197,40660,316687,41112,10510,-452,263229,31333,261643,38727,1586,-7394
2019/01/21,投信,234,462,844,1271,-610,-809,5103,5155,32790,54096,-27687,-48941
2019/01/21,外資及陸資,229732,152145,224702,150904,5030,1241,266427,152836,158727,40736,107700,112100
2019/01/22,自營商,240477,30452,264155,27957,-23678,2495,266169,32737,288136,37603,-21967,-4866
2019/01/22,投信,2086,54,1929,853,157,-799,5099,5115,32629,54704,-27530,-49589
2019/01/22,外資及陸資,168147,98133,170292,97403,-2145,730,269559,151727,164022,39211,105537,112516
2019/01/23,自營商,325336,33737,344451,33187,-19115,550,221616,32381,249584,36668,-27968,-4287
2019/01/23,投信,324,246,910,1439,-586,-1193,5124,5144,33240,55792,-28116,-50648
2019/01/23,外資及陸資,213740,126401,220890,140145,-7150,-13744,255744,140309,158856,41799,96888,98510
2019/01/24,自營商,210559,33696,208501,31285,2058,2411,239510,34327,265788,36226,-26278,-1899
2019/01/24,投信,29,57,35,69,-6,-12,5105,5128,33227,55999,-28122,-50871
2019/01/24,外資及陸資,182987,133794,176642,125461,6345,8333,267466,146492,164236,39232,103230,107260
2019/01/25,自營商,331553,39513,298395,45287,33158,-5774,280486,33916,273920,41580,6566,-7664
2019/01/25,投信,33,66,56,112,-23,-46,5052,5081,33197,56558,-28145,-51477
2019/01/25,外資及陸資,233661,158497,204667,135677,28994,22820,304343,167845,172125,36508,132218,131337
2019/01/28,自營商,234588,26814,244152,26105,-9564,709,288873,35299,292056,42278,-3183,-6979
2019/01/28,投信,1504,11,1913,134,-409,-123,5027,5038,33581,56731,-28554,-51693
2019/01/28,外資及陸資,168232,109124,167949,114152,283,-5028,307036,164780,174535,38245,132501,126535
2019/01/29,自營商,315739,41280,367059,37652,-51320,3628,273246,35763,327852,39069,-54606,-3306
2019/01/29,投信,3,6,1033,2048,-1030,-2042,4987,4929,34571,58328,-29584,-53399
2019/01/29,外資及陸資,215354,132334,238954,149124,-23600,-16790,297106,150397,188205,41509,108901,108888
2019/01/30,自營商,305524,30553,310184,32190,-4660,-1637,219302,33904,269333,38813,-50031,-4909
2019/01/30,投信,289,233,696,335,-407,-102,4992,4946,34983,58454,-29991,-53508
2019/01/30,外資及陸資,175350,101428,182190,105731,-6840,-4303,278443,146069,181025,41445,97418,104624
2019/02/11,自營商,377023,46272,363455,46008,13568,264,224637,34646,265415,39351,-40778,-4705
2019/02/11,投信,451,377,395,446,56,-69,4998,5006,34933,58976,-29935,-53970
2019/02/11,外資及陸資,165126,130132,150065,122430,15061,7702,291483,152498,181478,39405,110005,113093
2019/02/12,自營商,291666,35866,277946,33005,13720,2861,262982,39794,290857,41669,-27875,-1875
2019/02/12,投信,400,720,146,202,254,518,4970,5000,34651,58916,-29681,-53916
2019/02/12,外資及陸資,157840,97073,149878,84715,7962,12358,310619,162763,192679,36246,117940,126517
2019/02/13,自營商,374676,42885,421881,38768,-47205,4117,245610,41865,313626,39651,-68016,2214
2019/02/13,投信,1329,74,1461,342,-132,-268,4994,5058,34807,59241,-29813,-54183
2019/02/13,外資及陸資,204265,110422,210790,122129,-6525,-11707,303638,157060,195891,42231,107747,114829
2019/02/14,自營商,265166,36897,245094,40544,20072,-3647,279009,38882,327718,40308,-48709,-1426
2019/02/14,投信,579,892,599,946,-20,-54,4979,5022,34812,59220,-29833,-54198
2019/02/14,外資及陸資,172731,121328,169739,113601,2992,7727,309873,157672,199227,35220,110646,122452
2019/02/15,自營商,251186,47106,256068,48304,-4882,-1198,289582,38159,343018,40723,-53436,-2564
2019/02/15,投信,9000,16682,9110,17296,-110,-614,4948,4935,34891,59552,-29943,-54617
2019/02/15,外資及陸資,234762,171166,238113,169022,-3351,2144,324927,159296,217632,35207,107295,124089
2019/02/18,自營商,337866,52708,316707,53177,21159,-469,315260,42866,348274,45965,-33014,-3099
2019/02/18,投信,15308,26507,14291,24441,1017,2066,4917,4927,33843,57997,-28926,-53070
2019/02/18,外資及陸資,232624,174761,216245,170619,16379,4142,346111,168468,225128,38944,120983,129524
2019/02/19,自營商,234354,44090,256607,39968,-22253,4122,320234,50579,372062,49579,-51828,1000
2019/02/19,投信,12479,18605,12425,18600,54,5,4967,4928,33839,58038,-28872,-53110
2019/02/19,外資及陸資,180654,161954,184014,159426,-3360,2528,363348,188669,245734,56521,117614,132148
2019/02/20,自營商,532121,76194,475709,84846,56412,-8652,180874,32929,192029,43780,-11155,-10851
2019/02/20,投信,1408,2358,974,1544,434,814,4948,4837,33203,57708,-28255,-52871
2019/02/20,外資及陸資,254145,157237,224438,141691,29707,15546,264417,169156,126801,26519,137616,142637
2019/02/21,自營商,265386,34143,272008,31829,-6622,2314,207610,37970,225435,46599,-17825,-8629
2019/02/21,投信,31,64,13,25,18,39,4950,4876,33187,58105,-28237,-53229
2019/02/21,外資及陸資,172706,113677,179773,113982,-7067,-305,279119,169095,148606,25662,130513,143433
2019/02/22,自營商,214544,29854,234739,26788,-20195,3066,223205,39216,261110,44788,-37905,-5572
2019/02/22,投信,2085,114,2134,36,-49,78,4940,4858,33226,57927,-28286,-53069
2019/02/22,外資及陸資,173906,113030,185552,126644,-11646,-13614,286669,157909,167982,28350,118687,129559
2019/02/25,自營商,360750,40115,349177,41239,11573,-1124,254288,40828,280428,47632,-26140,-6804
2019/02/25,投信,226,469,7,15,219,454,4941,4914,33008,57811,-28067,-52897
2019/02/25,外資及陸資,221776,134260,209885,135130,11891,-870,301187,158441,170882,28974,130305,129467
2019/02/26,自營商,316419,38633,325044,36914,-8625,1719,264490,41317,299093,46342,-34603,-5025
2019/02/26,投信,1,2,450,918,-449,-916,4926,4871,33442,58619,-28516,-53748
2019/02/26,外資及陸資,209278,119905,199852,118274,9426,1631,311331,159777,171758,28885,139573,130892
2019/02/27,自營商,313404,33488,303574,35487,9830,-1999,228538,37931,249547,44818,-21009,-6887
2019/02/27,投信,121,0,433,643,-312,-643,4917,4861,33745,59298,-28828,-54437
2019/02/27,外資及陸資,167487,94505,167535,96151,-48,-1646,297062,162687,152798,33372,144264,129315
2019/03/04,自營商,265895,43763,307100,39372,-41205,4391,242889,37990,305094,40496,-62205,-2506
2019/03/04,投信,0,0,326,672,-326,-672,4908,4831,34062,59667,-29154,-54836
2019/03/04,外資及陸資,218426,144836,251933,163657,-33507,-18821,302697,157461,191888,47577,110809,109884
2019/03/05,自營商,282048,32418,278507,33869,3541,-1451,263484,40510,321786,44424,-58302,-3914
2019/03/05,投信,15,31,630,1295,-615,-1264,4909,4819,34678,60718,-29769,-55899
2019/03/05,外資及陸資,208255,136121,201044,129974,7211,6147,308981,154206,186596,38610,122385,115596
2019/03/06,自營商,358176,37397,339586,40034,18590,-2637,256242,41330,277040,47937,-20798,-6607
2019/03/06,投信,2277,78,2381,6,-104,72,4934,4893,34807,60975,-29873,-56082
2019/03/06,外資及陸資,202195,126104,190114,113916,12081,12188,309920,162002,171243,33653,138677,128349
2019/03/07,自營商,310416,34167,327205,36271,-16789,-2104,297523,42177,335182,50776,-37659,-8599
2019/03/07,投信,0,0,553,1135,-553,-1135,4898,4788,35324,61678,-30426,-56890
2019/03/07,外資及陸資,173575,113125,184190,113139,-10615,-14,323338,160338,195215,32802,128123,127536
2019/03/08,自營商,389234,46514,422410,47660,-33176,-1146,296184,42590,366854,52226,-70670,-9636
2019/03/08,投信,0,0,815,1662,-815,-1662,4886,4717,36127,62940,-31241,-58223
2019/03/08,外資及陸資,247464,160760,253276,167560,-5812,-6800,338294,158487,216048,38545,122246,119942
2019/03/11,自營商,264057,30585,269935,28966,-5878,1619,307748,43373,383980,51457,-76232,-8084
2019/03/11,投信,90,184,21,35,69,149,4870,4710,36042,62926,-31172,-58216
2019/03/11,外資及陸資,190080,116425,189668,119187,412,-2762,344367,158780,221709,41300,122658,117480
2019/03/12,自營商,471976,52326,422814,51510,49162,816,351232,47567,378265,54951,-27033,-7384
2019/03/12,投信,867,1668,78,27,789,1641,4896,4829,35279,62095,-30383,-57266
2019/03/12,外資及陸資,219293,135521,206013,130721,13280,4800,354987,161376,219121,37544,135866,123832
2019/03/13,自營商,428541,45741,438285,40797,-9744,4944,288952,49275,341415,51711,-52463,-2436
2019/03/13,投信,166,27,173,39,-7,-12,4881,4804,35271,62167,-30390,-57363
2019/03/13,外資及陸資,230637,126421,247421,125302,-16784,1119,330333,160159,201043,35001,129290,125158
2019/03/14,自營商,229900,35918,248504,34230,-18604,1688,297229,46977,368836,47744,-71607,-767
2019/03/14,投信,387,778,387,778,0,0,4880,4790,35270,62005,-30390,-57215
2019/03/14,外資及陸資,171451,116447,185363,130108,-13912,-13661,334550,154308,219169,43101,115381,111207
2019/03/15,自營商,389659,50899,351874,53738,37785,-2839,343595,53464,377331,57131,-33736,-3667
2019/03/15,投信,8855,17153,8675,16709,180,444,4887,4840,35097,62032,-30210,-57192
2019/03/15,外資及陸資,227803,165597,215358,154626,12445,10971,362906,172154,235107,49054,127799,123100
2019/03/18,自營商,319981,55012,333562,47716,-13581,7296,349760,55317,398513,51753,-48753,3564
2019/03/18,投信,17234,29448,16956,28802,278,646,4891,4883,34823,61785,-29932,-56902
2019/03/18,外資及陸資,228594,182133,222570,181136,6024,997,379480,185766,245657,60788,133823,124978
2019/03/19,自營商,330908,60078,330641,60736,267,-658,362772,51119,409863,48213,-47091,2906
2019/03/19,投信,12375,18646,12889,19721,-514,-1075,4860,4824,35306,62917,-30446,-58093
2019/03/19,外資及陸資,224903,205336,220494,201983,4409,3353,400277,209491,262045,80886,138232,128605
2019/03/20,自營商,418389,54731,397955,61027,20434,-6296,159728,32218,194840,41731,-35112,-9513
2019/03/20,投信,1306,1595,1267,1598,39,-3,4865,4845,35272,63054,-30407,-58209
2019/03/20,外資及陸資,216679,148385,207672,142202,9007,6183,240239,171855,104694,41768,135545,130087
2019/03/21,自營商,275538,35012,257497,35569,18041,-557,206061,36520,223145,46702,-17084,-10182
2019/03/21,投信,28,59,928,1965,-900,-1906,4841,4827,36148,65361,-31307,-60534
2019/03/21,外資及陸資,182697,120994,163263,106877,19434,14117,267049,186324,115151,41089,151898,145235
2019/03/22,自營商,292436,40391,313449,36616,-21013,3775,207739,38762,245834,45187,-38095,-6425
2019/03/22,投信,51,104,94,12,-43,92,4851,4856,36201,65447,-31350,-60591
2019/03/22,外資及陸資,208841,135499,203114,145515,5727,-10016,276100,178421,118475,42844,157625,135577
2019/03/25,自營商,342246,39100,368728,46440,-26482,-7340,225971,35244,290494,48773,-64523,-13529
2019/03/25,投信,57,119,936,1955,-879,-1836,4813,4691,37042,66112,-32229,-61421
2019/03/25,外資及陸資,228079,139273,259398,147816,-31319,-8543,281442,170126,155136,45437,126306,124689
2019/03/26,自營商,319859,37816,313726,37323,6133,493,237123,36610,295402,49794,-58279,-13184
2019/03/26,投信,333,701,0,0,333,701,4821,4740,36717,65968,-31896,-61228
2019/03/26,外資及陸資,200416,122987,192572,119550,7844,3437,295666,176943,161516,47682,134150,129261
2019/03/27,自營商,368657,39043,373839,36787,-5182,2256,186321,35544,238191,46502,-51870,-10958
2019/03/27,投信,244,38,256,52,-12,-14,4837,4779,36742,65998,-31905,-61219
2019/03/27,外資及陸資,238303,117086,232005,119929,6298,-2843,282606,172632,142425,46232,140181,126400
2019/03/28,自營商,238957,30844,234686,31861,4271,-1017,223250,36595,270853,48539,-47603,-11944
2019/03/28,投信,10,9,23,48,-13,-39,4829,4738,36747,65843,-31918,-61105
2019/03/28,外資及陸資,173085,124032,170636,114302,2449,9730,298604,179179,155974,43386,142630,135793
2019/03/29,自營商,396327,49989,404242,43615,-7915,6374,244155,43406,299656,49171,-55501,-5765
2019/03/29,投信,577,1222,4,8,573,1214,4836,4813,36181,65304,-31345,-60491
2019/03/29,外資及陸資,248800,149105,245237,156150,3563,-7045,334615,179434,188440,49318,146175,130116
2019/04/01,自營商,425048,41558,434499,44820,-9451,-3262,258095,41503,323022,50637,-64927,-9134
2019/04/01,投信,2325,480,2261,135,64,345,4786,4739,36067,65131,-31281,-60392
2019/04/01,外資及陸資,274287,152911,251482,150844,22805,2067,362032,180991,193052,48256,168980,132735
2019/04/02,自營商,282965,27931,272339,28833,10626,-902,284931,42058,339197,52183,-54266,-10125
2019/04/02,投信,220,470,54,115,166,355,4738,4651,35853,64907,-31115,-60256
2019/04/02,外資及陸資,180298,102881,168039,98025,12259,4856,373927,183626,192688,45528,181239,138098
2019/04/03,自營商,354181,37989,350761,37004,3420,985,219624,41202,280799,50418,-61175,-9216
2019/04/03,投信,530,655,249,43,281,612,4686,4623,35520,64356,-30834,-59733
2019/04/03,外資及陸資,195379,117936,202831,119743,-7452,-1807,353443,180275,178573,43740,174870,136535
2019/04/08,自營商,341936,34940,306170,39937,35766,-4997,276559,39778,301954,54096,-25395,-14318
2019/04/08,投信,528,1036,57,0,471,1036,4682,4670,35045,63792,-30363,-59122
2019/04/08,外資及陸資,205790,131209,189351,121836,16439,9373,384189,192160,192880,45188,191309,146972
2019/04/09,自營商,266664,32133,258968,30469,7696,1664,299237,42664,317642,55481,-18405,-12817
2019/04/09,投信,350,698,82,113,268,585,4638,4610,34733,63548,-30095,-58938
2019/04/09,外資及陸資,145509,91310,139397,80920,6112,10390,390201,204793,192780,46289,197421,158504
2019/04/10,自營商,349647,37652,346141,36979,3506,673,253684,38512,298250,50659,-44566,-12147
2019/04/10,投信,219,20,293,178,-74,-158,4555,4440,34724,63632,-30169,-59192
2019/04/10,外資及陸資,182670,93768,191231,101558,-8561,-7790,374416,201073,191207,50032,183209,151041
2019/04/11,自營商,292606,45383,319300,43263,-26694,2120,273679,37197,345171,47130,-71492,-9933
2019/04/11,投信,1,2,46,99,-45,-97,4532,4360,34746,63356,-30214,-58996
2019/04/11,外資及陸資,183999,129306,193799,132689,-9800,-3383,380915,197172,207551,50314,173364,146858
2019/04/12,自營商,225677,32169,225589,34816,88,-2647,290460,37035,361468,49588,-71008,-12553
2019/04/12,投信,6811,13617,6811,13616,0,1,4532,4362,34746,63335,-30214,-58973
2019/04/12,外資及陸資,184279,136137,180879,136072,3400,65,387648,196122,210884,49279,176764,146843
2019/04/15,自營商,276853,58731,252224,56241,24629,2490,302948,43363,348774,53550,-45826,-10187
2019/04/15,投信,17298,35003,17117,34509,181,494,4389,4403,34422,63303,-30033,-58900
2019/04/15,外資及陸資,199878,179340,199711,183376,167,-4036,397564,209214,220639,65304,176925,143910
2019/04/16,自營商,357176,68337,367005,63058,-9829,5279,320665,46646,375944,51667,-55279,-5021
2019/04/16,投信,11965,18658,12009,18695,-44,-37,4355,4359,34432,63551,-30077,-59192
2019/04/16,外資及陸資,222498,196894,225284,198485,-2786,-1591,400541,216520,226424,73542,174117,142978
2019/04/17,自營商,502095,65969,475916,75206,26179,-9237,158917,30550,196072,48562,-37155,-18012
2019/04/17,投信,1567,2241,2849,911,-1282,1330,4407,4301,33566,62539,-29159,-58238
2019/04/17,外資及陸資,230748,152641,219273,143602,11475,9039,248020,189955,99250,39955,148770,150000
2019/04/18,自營商,340637,43087,357733,43056,-17096,31,204239,33779,258267,51635,-54028,-17856
2019/04/18,投信,7,15,424,928,-417,-913,4401,4270,33977,63146,-29576,-58876
2019/04/18,外資及陸資,209387,138944,214962,140799,-5575,-1855,262918,191348,119723,43897,143195,147451
2019/04/19,自營商,307023,34954,319744,37334,-12721,-2380,225328,33954,292007,54234,-66679,-20280
2019/04/19,投信,0,0,203,445,-203,-445,4398,4281,34177,63783,-29779,-59502
2019/04/19,外資及陸資,169415,107142,159535,103999,9880,3143,282219,197565,129144,46551,153075,151014
2019/04/22,自營商,211573,26362,232409,23929,-20836,2433,225382,34964,312844,52744,-87462,-17780
2019/04/22,投信,6,13,0,0,6,13,4398,4268,34171,63791,-29773,-59523
2019/04/22,外資及陸資,119934,70456,122418,78127,-2484,-7671,285047,191972,134456,48557,150591,143415
2019/04/23,自營商,311843,39160,310820,39628,1023,-468,233406,36202,320074,54459,-86668,-18257
2019/04/23,投信,8,18,19,42,-11,-24,4386,4258,34170,64052,-29784,-59794
2019/04/23,外資及陸資,199805,124657,194511,121023,5294,3634,290863,194064,134978,46396,155885,147668
2019/04/24,自營商,376987,49119,406694,43651,-29707,5468,184047,35713,266551,48452,-82504,-12739
2019/04/24,投信,163,9,871,6,-708,3,4388,4262,34180,63981,-29792,-59719
2019/04/24,外資及陸資,200222,118090,211941,133247,-11719,-15157,261808,185174,123893,52825,137915,132349
2019/04/25,自營商,239296,33383,228927,38667,10369,-5284,219068,36503,291178,54588,-72110,-18085
2019/04/25,投信,913,2015,5,11,908,2004,4388,4258,33272,62092,-28884,-57834
2019/04/25,外資及陸資,166932,128917,154256,116140,12676,12777,284577,196814,134080,51381,150497,145433
2019/04/26,自營商,319349,48716,351750,48532,-32401,184,229979,35663,334769,53290,-104790,-17627
2019/04/26,投信,0,0,631,1380,-631,-1380,4366,4172,33881,62875,-29515,-58703
2019/04/26,外資及陸資,223041,144272,257550,163280,-34509,-19008,286727,181795,170739,56770,115988,125025
2019/04/29,自營商,259877,35735,248638,36470,11239,-735,259683,35497,353193,53781,-93510,-18284
2019/04/29,投信,1363,31,1548,112,-185,-81,4371,4186,34071,62963,-29700,-58777
2019/04/29,外資及陸資,192431,121198,178946,115253,13485,5945,303037,184793,173564,53910,129473,130883
2019/04/30,自營商,290232,39216,302114,32703,-11882,6513,265321,38489,370599,50304,-105278,-11815
2019/04/30,投信,0,0,6,13,-6,-13,4369,4187,34075,63075,-29706,-58888
2019/04/30,外資及陸資,183802,114421,181932,110776,1870,3645,310388,187597,179045,52836,131343,134761
2019/05/02,自營商,427210,50575,418601,52792,8609,-2217,213299,36270,296602,50307,-83303,-14037
2019/05/02,投信,504,764,389,1,115,763,4386,4238,33277,62500,-28891,-58262
2019/05/02,外資及陸資,217943,132131,220359,134912,-2416,-2781,296596,187077,165500,54793,131096,132284
2019/05/03,自營商,369243,52737,358505,48679,10738,4058,257329,40561,329928,50722,-72599,-10161
2019/05/03,投信,569,1262,14,31,555,1231,4390,4289,32726,61933,-28336,-57644
2019/05/03,外資及陸資,215770,139129,203427,126666,12343,12463,318609,201649,175170,55317,143439,146332
2019/05/06,自營商,515985,68544,570214,68753,-54229,-209,270423,38453,397172,48518,-126749,-10065
2019/05/06,投信,128,89,1182,2547,-1054,-2458,4354,4101,33744,63015,-29390,-58914
2019/05/06,外資及陸資,302059,163636,331929,192561,-29870,-28925,319049,178127,205480,63724,113569,114403
2019/05/07,自營商,420722,49730,388627,54126,32095,-4396,307611,39622,402114,54247,-94503,-14625
2019/05/07,投信,554,1215,0,0,554,1215,4365,4165,33201,62467,-28836,-58302
2019/05/07,外資及陸資,280766,172052,265905,154369,14861,17683,343534,190910,215158,57464,128376,133446
2019/05/08,自營商,499013,57659,517708,59541,-18695,-1882,222080,33946,328018,50376,-105938,-16430
2019/05/08,投信,163,20,508,589,-345,-569,4358,4121,33539,62577,-29181,-58456
2019/05/08,外資及陸資,369868,197952,366775,206392,3093,-8440,318382,190411,198552,66340,119830,124071
2019/05/09,自營商,363658,71209,404446,68989,-40788,2220,222637,40730,369512,54545,-146875,-13815
2019/05/09,投信,383,533,1044,2082,-661,-1549,4340,4023,34182,63259,-29842,-59236
2019/05/09,外資及陸資,334516,236687,374854,253842,-40338,-17155,316297,184152,236805,78925,79492,105227
2019/05/10,自營商,510716,94548,477294,97948,33422,-3400,281118,43541,394984,60818,-113866,-17277
2019/05/10,投信,9251,18088,9165,18185,86,-97,4328,4010,34084,63323,-29756,-59313
2019/05/10,外資及陸資,573536,433973,582623,414049,-9087,19924,334407,197369,264005,72254,70402,125115
2019/05/13,自營商,433394,72101,456293,77570,-22899,-5469,313099,42961,449685,65247,-136586,-22286
2019/05/13,投信,15447,29754,16069,31277,-622,-1523,4303,3897,34681,63805,-30378,-59908
2019/05/13,外資及陸資,439146,334797,473127,355192,-33981,-20395,357895,209555,319074,106814,38821,102741
2019/05/14,自營商,581285,108147,581263,111977,22,-3830,335335,32154,473006,58297,-137671,-26143
2019/05/14,投信,11306,17154,11151,16836,155,318,4277,3815,34500,63119,-30223,-59304
2019/05/14,外資及陸資,575151,384766,556401,380898,18750,3868,376780,215131,319131,108973,57649,106158
2019/05/15,自營商,544388,88599,549167,77926,-4779,10673,139164,22274,238640,37310,-99476,-15036
2019/05/15,投信,1440,2638,2368,1441,-928,1197,4278,3830,33935,62229,-29657,-58399
2019/05/15,外資及陸資,330233,221653,325918,220354,4315,1299,236434,158058,123932,52233,112502,105825
2019/05/16,自營商,281969,41797,290472,48482,-8503,-6685,183569,26320,291284,47790,-107715,-21470
2019/05/16,投信,43,90,530,1111,-487,-1021,4309,3865,34453,62770,-30144,-58905
2019/05/16,外資及陸資,297975,210928,284338,206321,13637,4607,265902,159106,139763,49731,126139,109375
2019/05/17,自營商,390486,48458,384362,53198,6124,-4740,219221,28081,320819,53871,-101598,-25790
2019/05/17,投信,182,50,409,852,-227,-802,4268,3746,34639,63027,-30371,-59281
2019/05/17,外資及陸資,322203,200600,350867,203852,-28664,-3252,279987,161446,182512,56248,97475,105198
2019/05/20,自營商,307004,42311,308633,45930,-1629,-3619,237938,27929,341070,57402,-103132,-29473
2019/05/20,投信,21,44,106,179,-85,-135,4282,3778,34738,63298,-30456,-59520
2019/05/20,外資及陸資,347150,229748,321765,218590,25385,11158,296388,167427,173525,50913,122863,116514
2019/05/21,自營商,356907,45183,359708,43779,-2801,1404,244290,29488,350039,57743,-105749,-28255
2019/05/21,投信,336,472,98,40,238,432,4341,3920,34559,63306,-30218,-59386
2019/05/21,外資及陸資,335334,217807,343260,221412,-7926,-3605,294534,166368,179597,52943,114937,113425
2019/05/22,自營商,385259,52305,390617,45112,-5358,7193,192372,28006,307310,49079,-114938,-21073
2019/05/22,投信,692,1119,230,0,462,1119,4436,4126,32692,62349,-28256,-58223
2019/05/22,外資及陸資,298764,173182,309003,181473,-10239,-8291,272102,153779,162188,48706,109914,105073
2019/05/23,自營商,306219,48453,335576,47005,-29357,1448,217744,29816,362023,48959,-144279,-19143
2019/05/23,投信,68,134,1150,2372,-1082,-2238,4471,4131,33809,63648,-29338,-59517
2019/05/23,外資及陸資,285770,187062,303877,202887,-18107,-15825,277015,140833,181608,53348,95407,87485
2019/05/24,自營商,270663,35518,248037,39048,22626,-3530,252832,28849,374568,51540,-121736,-22691
2019/05/24,投信,276,534,1901,626,-1625,-92,4476,4154,35439,63943,-30963,-59789
2019/05/24,外資及陸資,293962,189031,278913,177343,15049,11688,294275,142601,183819,43185,110456,99416
2019/05/27,自營商,232115,37459,245943,31982,-13828,5477,252289,30157,387719,47324,-135430,-17167
2019/05/27,投信,170,216,550,1136,-380,-920,4481,4163,35824,64811,-31343,-60648
2019/05/27,外資及陸資,208727,134613,215506,138034,-6779,-3421,295881,140348,192204,44469,103677,95879
2019/05/28,自營商,218242,28030,222475,28013,-4233,17,256821,30319,396484,47502,-139663,-17183
2019/05/28,投信,49,101,0,0,49,101,4518,4243,35812,64835,-31294,-60592
2019/05/28,外資及陸資,161340,92306,163804,94702,-2464,-2396,294911,138062,193698,44502,101213,93560
2019/05/29,自營商,380963,39875,370203,40658,10760,-783,217706,28199,346309,46079,-128603,-17880
2019/05/29,投信,436,584,1526,61,-1090,523,4499,4184,35283,63958,-30784,-59774
2019/05/29,外資及陸資,247646,131523,250645,126434,-2999,5089,284576,144869,180228,46654,104348,98215
2019/05/30,自營商,259392,42823,242964,43122,16428,-299,246164,29758,358305,48082,-112141,-18324
2019/05/30,投信,1062,2202,32,66,1030,2136,4497,4205,34251,62277,-29754,-58072
2019/05/30,外資及陸資,246431,158986,243676,159853,2755,-867,303212,146770,196076,48748,107136,98022
2019/05/31,自營商,338945,50086,329099,42628,9846,7458,275452,35456,377771,46519,-102319,-11063
2019/05/31,投信,573,1198,354,484,219,714,4497,4240,34032,62113,-29535,-57873
2019/05/31,外資及陸資,271674,168636,275111,165832,-3437,2804,314225,148369,208516,46537,105709,101832
2019/06/03,自營商,349599,45453,345288,44622,4311,831,289771,37527,387769,47788,-97998,-10261
2019/06/03,投信,87,181,2161,4476,-2074,-4295,4528,4311,36137,66578,-31609,-62267
2019/06/03,外資及陸資,266423,170121,267520,169859,-1097,262,324663,142443,219838,40151,104825,102292
2019/06/04,自營商,300107,38071,330970,38176,-30863,-105,292593,35935,421465,46171,-128872,-10236
2019/06/04,投信,86,179,1621,3375,-1535,-3196,4581,4398,37725,69529,-33144,-65131
2019/06/04,外資及陸資,231276,131572,242521,140641,-11245,-9069,328667,137921,235060,45301,93607,92620
2019/06/05,自營商,400653,39697,383814,40631,16839,-934,235600,33524,360431,45234,-124831,-11710
2019/06/05,投信,284,279,2174,4219,-1890,-3940,4617,4489,39651,73812,-35034,-69323
2019/06/05,外資及陸資,238292,137081,232319,135281,5973,1800,307249,144562,199707,49256,107542,95306
2019/06/06,自營商,280031,43499,290961,41410,-10930,2089,266080,36610,401761,46065,-135681,-9455
2019/06/06,投信,142,241,1197,2479,-1055,-2238,4616,4448,40705,75403,-36089,-70955
2019/06/06,外資及陸資,214690,145817,228511,150879,-13821,-5062,315538,141106,221868,51762,93670,89344
2019/06/10,自營商,378834,48568,337914,49551,40920,-983,307877,41937,402664,52556,-94787,-10619
2019/06/10,投信,536,1129,112,191,424,938,4655,4602,40320,75823,-35665,-71221
2019/06/10,外資及陸資,262925,166137,239007,147221,23918,18916,333908,156176,216314,46162,117594,110014
2019/06/11,自營商,362027,42834,350960,40331,11067,2503,328893,44598,412782,52784,-83889,-8186
2019/06/11,投信,1576,3333,0,0,1576,3333,4669,4660,38758,72889,-34089,-68229
2019/06/11,外資及陸資,225431,126495,220848,127179,4583,-684,339991,153828,217872,43911,122119,109917
2019/06/12,自營商,377620,41231,363819,40731,13801,500,261335,43010,354840,50780,-93505,-7770
2019/06/12,投信,1430,2708,201,82,1229,2626,4748,4825,37608,70439,-32860,-65614
2019/06/12,外資及陸資,203639,120468,217189,119034,-13550,1434,315330,152317,203702,40946,111628,111371
2019/06/13,自營商,244348,48712,277858,46432,-33510,2280,272306,43689,399718,49175,-127412,-5486
2019/06/13,投信,715,1496,40,84,675,1412,4734,4760,36919,68565,-32185,-63805
2019/06/13,外資及陸資,197668,141908,224917,157959,-27249,-16051,314210,146928,229825,52271,84385,94657
2019/06/14,自營商,179551,36737,183222,38579,-3671,-1842,286260,47552,417450,54826,-131190,-7274
2019/06/14,投信,7952,15661,6818,13038,1134,2623,4766,4801,35817,65978,-31051,-61177
2019/06/14,外資及陸資,169466,129158,173962,129895,-4496,-737,319782,156941,239893,63091,79889,93850
2019/06/17,自營商,283243,53201,268066,59466,15177,-6265,297968,45310,413296,58861,-115328,-13551
2019/06/17,投信,17167,33573,16797,32274,370,1299,5044,5336,35725,65303,-30681,-59967
2019/06/17,外資及陸資,256336,204086,248416,197078,7920,7008,331969,188124,244144,87215,87825,100909
2019/06/18,自營商,215435,43949,217637,44438,-2202,-489,295968,42028,413400,56058,-117432,-14030
2019/06/18,投信,14845,23913,15306,24497,-461,-584,4980,5163,36122,65783,-31142,-60620
2019/06/18,外資及陸資,179549,168953,188564,172556,-9015,-3603,338705,204884,259895,107472,78810,97412
2019/06/19,自營商,616998,85024,508298,101970,108700,-16946,121413,18496,194010,43160,-72597,-24664
2019/06/19,投信,640,993,1313,2275,-673,-1282,5039,5406,35424,68734,-30385,-63328
2019/06/19,外資及陸資,306493,232177,271948,193227,34545,38950,186784,172552,83686,50599,103098,121953
2019/06/20,自營商,171209,25873,186866,26780,-15657,-907,146234,21285,234515,46965,-88281,-25680
2019/06/20,投信,80,169,2262,4790,-2182,-4621,5067,5484,37634,73495,-32567,-68011
2019/06/20,外資及陸資,145750,116687,157806,113308,-12056,3379,198211,183094,107172,57605,91039,125489
2019/06/21,自營商,249392,31732,258476,34078,-9084,-2346,162224,22878,259551,50854,-97327,-27976
2019/06/21,投信,803,1667,1122,2369,-319,-702,5859,7129,38745,75808,-32886,-68679
2019/06/21,外資及陸資,207817,145048,212383,146861,-4566,-1813,214215,189374,127742,65745,86473,123629
2019/06/24,自營商,229622,27754,229587,25375,35,2379,171322,24287,268562,49911,-97240,-25624
2019/06/24,投信,351,744,53,113,298,631,5892,7222,38480,75503,-32588,-68281
2019/06/24,外資及陸資,170773,112175,173264,122010,-2491,-9835,222066,188800,138084,74664,83982,114136
2019/06/25,自營商,258101,30831,274550,34643,-16449,-3812,174997,23543,288623,52679,-113626,-29136
2019/06/25,投信,105,217,640,1349,-535,-1132,5982,7350,39105,76229,-33123,-68879
2019/06/25,外資及陸資,192324,119343,206449,121538,-14125,-2195,219618,182520,149761,71504,69857,111016
2019/06/26,自營商,322700,33416,336032,30890,-13332,2526,123071,24574,241805,51087,-118734,-26513
2019/06/26,投信,1756,3369,538,813,1218,2556,5838,7014,37743,73114,-31905,-66100
2019/06/26,外資及陸資,202469,114998,211497,125413,-9028,-10415,212564,175733,140492,75491,72072,100242
2019/06/27,自營商,240723,43673,229202,35673,11521,8000,166118,28096,273300,46983,-107182,-18887
2019/06/27,投信,742,1561,569,43,173,1518,5845,7093,37577,72412,-31732,-65319
2019/06/27,外資及陸資,208586,141856,187713,136888,20873,4968,240147,187946,147202,81466,92945,106480
2019/06/28,自營商,168069,29416,190984,31222,-22915,-1806,169431,30054,299218,50645,-129787,-20591
2019/06/28,投信,118,239,1947,3060,-1829,-2821,5905,7182,39466,75052,-33561,-67870
2019/06/28,外資及陸資,175305,109770,181035,108488,-5730,1282,254604,181334,167389,74035,87215,107299
2019/07/01,自營商,337720,40840,301803,40669,35917,171,212682,31918,306585,52997,-93903,-21079
2019/07/01,投信,2582,5541,50,108,2532,5433,6172,7878,37201,71533,-31029,-63655
2019/07/01,外資及陸資,190789,116517,181605,116241,9184,276,275972,192150,179573,82368,96399,109782
2019/07/02,自營商,207638,26537,205699,27455,1939,-918,222615,33558,314607,55471,-91992,-21913
2019/07/02,投信,1388,2972,64,138,1324,2834,6603,8777,36308,69499,-29705,-60722
2019/07/02,外資及陸資,132265,85363,139421,90457,-7156,-5094,265415,182798,176172,78312,89243,104486
2019/07/03,自營商,386231,53591,404815,55088,-18584,-1497,167141,29745,272910,52656,-105769,-22911
2019/07/03,投信,4471,6939,1222,136,3249,6803,6756,8993,33212,62299,-26456,-53306
2019/07/03,外資及陸資,175407,124795,184528,130867,-9121,-6072,242759,170386,158177,73205,84582,97181
2019/07/04,自營商,209053,27911,193759,26408,15294,1503,200569,30861,291038,52415,-90469,-21554
2019/07/04,投信,1482,3174,494,2,988,3172,6821,9182,32289,59649,-25468,-50467
2019/07/04,外資及陸資,142673,94348,132300,90764,10373,3584,254334,170538,159379,69127,94955,101411
2019/07/05,自營商,170142,22720,174948,24074,-4806,-1354,208391,30832,303622,53766,-95231,-22934
2019/07/05,投信,168,339,56,109,112,230,6982,9527,32338,59811,-25356,-50284
2019/07/05,外資及陸資,118087,85900,122396,87315,-4309,-1415,255879,168556,165039,68476,90840,100080
2019/07/08,自營商,275348,41948,282761,41485,-7413,463,214957,31189,317610,53535,-102653,-22346
2019/07/08,投信,584,1242,15,32,569,1210,7060,9636,31847,58465,-24787,-48829
2019/07/08,外資及陸資,198695,133866,210771,137332,-12076,-3466,254063,164240,175290,68143,78773,96097
2019/07/09,自營商,227748,26067,245657,28340,-17909,-2273,231231,32127,351961,56615,-120730,-24488
2019/07/09,投信,304,5,308,5,-4,0,7056,9620,31847,58382,-24791,-48762
2019/07/09,外資及陸資,153792,93910,154638,98687,-846,-4777,255244,164572,177341,73414,77903,91158
2019/07/10,自營商,453053,51068,386661,49302,66392,1766,193617,32651,291926,55719,-98309,-23068
2019/07/10,投信,735,1163,212,43,523,1120,7115,9817,31383,57838,-24268,-48021
2019/07/10,外資及陸資,204141,122718,190784,110818,13357,11900,261538,174881,171430,70985,90108,103896
2019/07/11,自營商,258254,42213,250676,40468,7578,1745,215697,35961,306436,57488,-90739,-21527
2019/07/11,投信,91,158,623,1265,-532,-1107,7040,9769,31840,59263,-24800,-49494
2019/07/11,外資及陸資,196035,131198,193585,128050,2450,3148,276046,180494,183494,72583,92552,107911
2019/07/12,自營商,193946,42368,221535,40472,-27589,1896,221881,37934,340734,57497,-118853,-19563
2019/07/12,投信,4893,9247,4559,8568,334,679,7124,9934,31590,58738,-24466,-48804
2019/07/12,外資及陸資,163826,121747,164833,127286,-1007,-5539,280213,184488,188713,82184,91500,102304
2019/07/15,自營商,368669,63354,375136,61219,-6467,2135,229871,42018,355048,59532,-125177,-17514
2019/07/15,投信,18367,37249,18301,36765,66,484,7199,10082,31599,58577,-24400,-48495
2019/07/15,外資及陸資,244270,210983,254025,214657,-9755,-3674,276012,177527,194222,78509,81790,99018
2019/07/16,自營商,290092,58897,277035,57437,13057,1460,250444,38675,361754,54798,-111310,-16123
2019/07/16,投信,14465,24043,12654,19978,1811,4065,7210,10062,29799,54566,-22589,-44504
2019/07/16,外資及陸資,194713,174258,206277,186858,-11564,-12600,275145,172461,204841,85842,70304,86619
2019/07/17,自營商,421299,58730,439583,69461,-18284,-10731,110081,19549,201252,45872,-91171,-26323
2019/07/17,投信,348,95,352,109,-4,-14,7217,10019,28310,54273,-21093,-44254
2019/07/17,外資及陸資,203645,144496,212048,146475,-8403,-1979,157325,130675,70533,52334,86792,78341
2019/07/18,自營商,161324,21377,166652,23088,-5328,-1711,147850,20139,244393,48035,-96543,-27896
2019/07/18,投信,15,32,706,1490,-691,-1458,6726,8972,28510,54629,-21784,-45657
2019/07/18,外資及陸資,153913,101952,132341,87265,21572,14687,189671,143305,81208,50423,108463,92882
2019/07/19,自營商,291877,41035,272353,42186,19524,-1151,180329,20074,257970,49409,-77641,-29335
2019/07/19,投信,147,297,2144,4600,-1997,-4303,6846,9287,30627,59616,-23781,-50329
2019/07/19,外資及陸資,172179,130986,164448,124935,7731,6051,205684,149633,89548,49850,116136,99783
2019/07/22,自營商,228855,35064,224563,29179,4292,5885,193692,24543,267341,48260,-73649,-23717
2019/07/22,投信,9,19,923,1989,-914,-1970,6826,9291,31521,61854,-24695,-52563
2019/07/22,外資及陸資,148816,107077,144851,95486,3965,11591,215880,161267,95776,49197,120104,112070
2019/07/23,自營商,243740,31163,250047,31057,-6307,106,201505,25464,281486,49126,-79981,-23662
2019/07/23,投信,17,37,107,118,-90,-81,6776,9245,31561,61927,-24785,-52682
2019/07/23,外資及陸資,151709,96145,153402,99652,-1693,-3507,214026,153575,95612,44904,118414,108671
2019/07/24,自營商,285606,28531,296309,30041,-10703,-1510,159031,22612,255996,47887,-96965,-25275
2019/07/24,投信,446,628,259,88,187,540,7057,9855,31655,62001,-24598,-52146
2019/07/24,外資及陸資,143167,89415,151926,91074,-8759,-1659,196790,150561,88941,43483,107849,107078
2019/07/25,自營商,175951,28104,187650,22472,-11699,5632,180791,26308,289526,45947,-108735,-19639
2019/07/25,投信,23,40,214,463,-191,-423,6861,9441,31650,62097,-24789,-52656
2019/07/25,外資及陸資,140222,92950,145895,94435,-5673,-1485,201726,149600,99550,43851,102176,105749
2019/07/26,自營商,124911,18802,145049,20488,-20138,-1686,186801,27617,315900,48822,-129099,-21205
2019/07/26,投信,43,80,1628,496,-1585,-416,6681,9011,33055,61912,-26374,-52901
2019/07/26,外資及陸資,111562,80502,125161,89407,-13599,-8905,199218,143700,110611,47256,88607,96444
2019/07/29,自營商,206143,26994,207907,26838,-1764,156,199343,28934,330131,49905,-130788,-20971
2019/07/29,投信,9,7,10,22,-1,-15,6680,8991,33055,61876,-26375,-52885
2019/07/29,外資及陸資,128033,98640,131108,98955,-3075,-315,204084,147696,118540,51668,85544,96028
2019/07/30,自營商,297167,30084,294497,35896,2670,-5812,202327,24519,330534,51151,-128207,-26632
2019/07/30,投信,210,151,16,25,194,126,6881,9111,33062,61722,-26181,-52611
2019/07/30,外資及陸資,141424,100142,150011,110396,-8587,-10254,208705,145284,131748,59782,76957,85502
2019/07/31,自營商,462809,48544,484632,45414,-21823,3130,174636,21835,283627,45413,-108991,-23578
2019/07/31,投信,254,102,233,53,21,49,6912,9165,33072,61653,-26160,-52488
2019/07/31,外資及陸資,221415,133324,222127,131992,-712,1332,211126,146695,125842,59852,85284,86843
2019/08/01,自營商,275718,37220,289293,35604,-13575,1616,200370,23633,323035,45413,-122665,-21780
2019/08/01,投信,300,639,78,166,222,473,6882,9024,32820,60590,-25938,-51566
2019/08/01,外資及陸資,198715,152901,218558,165928,-19843,-13027,216494,141768,151049,68698,65445,73070
2019/08/02,自營商,473317,58361,492648,57131,-19331,1230,225040,26555,367094,46486,-142054,-19931
2019/08/02,投信,222,9,548,991,-326,-982,6853,8814,33117,60517,-26264,-51703
2019/08/02,外資及陸資,343470,227576,367693,238015,-24223,-10439,230635,145190,189410,83998,41225,61192
2019/08/05,自營商,424467,51831,435949,55820,-11482,-3989,248539,27926,402743,51498,-154204,-23572
2019/08/05,投信,2111,4113,113,155,1998,3958,6867,8770,31133,56065,-24266,-47295
2019/08/05,外資及陸資,321866,215283,318838,211975,3028,3308,253582,149046,205735,85299,47847,63747
2019/08/06,自營商,722731,84774,733351,80084,-10620,4690,271149,30418,435951,49198,-164802,-18780
2019/08/06,投信,859,721,41,46,818,675,6857,8719,30305,55136,-23448,-46417
2019/08/06,外資及陸資,485641,287646,482834,287680,2807,-34,253810,142665,203099,79065,50711,63600
2019/08/07,自營商,531797,53376,544864,52110,-13067,1266,199403,30020,332027,47505,-132624,-17485
2019/08/07,投信,1171,1096,1176,173,-5,923,6847,8712,30300,54279,-23453,-45567
2019/08/07,外資及陸資,320818,183055,313726,173374,7092,9681,235203,149239,174313,75711,60890,73528
2019/08/08,自營商,371430,54966,364974,53631,6456,1335,243965,32587,370125,48922,-126160,-16335
2019/08/08,投信,187,382,9,5,178,377,6976,9061,30251,54642,-23275,-45581
2019/08/08,外資及陸資,343584,228309,328158,224314,15426,3995,270195,151201,193876,72879,76319,78322
2019/08/12,自營商,301058,36270,299916,37406,1142,-1136,264794,33762,389962,51251,-125168,-17489
2019/08/12,投信,507,210,786,68,-279,142,7072,9250,30626,54696,-23554,-45446
2019/08/12,外資及陸資,202913,125776,215393,125723,-12480,53,274704,152469,210865,74119,63839,78350
2019/08/13,自營商,357123,42776,368341,48571,-11218,-5795,267269,32268,403747,55316,-136478,-23048
2019/08/13,投信,116,227,183,368,-67,-141,7070,9159,30691,54326,-23621,-45167
2019/08/13,外資及陸資,246269,151742,239518,148651,6751,3091,277601,151114,206948,70541,70653,80573
2019/08/14,自營商,556004,64071,523797,64590,32207,-519,220783,30751,332118,54590,-111335,-23839
2019/08/14,投信,176,86,1643,2999,-1467,-2913,7052,9198,32140,57651,-25088,-48453
2019/08/14,外資及陸資,354562,193014,368266,189441,-13704,3573,254652,153311,199211,68347,55441,84964
2019/08/15,自營商,317390,51186,326457,55862,-9067,-4676,242903,29379,363336,57542,-120433,-28163
2019/08/15,投信,86,174,1990,3463,-1904,-3289,6889,9042,33882,60188,-26993,-51146
2019/08/15,外資及陸資,300531,209604,316244,208343,-15713,1261,266211,161432,226426,76364,39785,85068
2019/08/16,自營商,401205,67705,388784,64226,12421,3479,264672,26758,372559,51725,-107887,-24967
2019/08/16,投信,7556,14505,6770,12830,786,1675,6922,9206,33129,59235,-26207,-50029
2019/08/16,外資及陸資,379467,275359,375408,271102,4059,4257,277696,161850,230042,71501,47654,90349
2019/08/19,自營商,321207,49952,321377,47989,-170,1963,266365,28903,373865,52176,-107500,-23273
2019/08/19,投信,17870,35085,17805,34837,65,248,6953,9336,33095,59447,-26142,-50111
2019/08/19,外資及陸資,282265,214239,268749,214297,13516,-58,293594,164867,232424,73863,61170,91004
2019/08/20,自營商,326649,51487,303065,56176,23584,-4689,283143,28541,366665,56615,-83522,-28074
2019/08/20,投信,13117,19760,12599,18834,518,926,6942,9356,32566,58748,-25624,-49392
2019/08/20,外資及陸資,237912,186311,236220,179204,1692,7107,295200,172299,232338,73738,62862,98561
2019/08/21,自營商,351510,53124,346439,57411,5071,-4287,142673,19457,202191,43476,-59518,-24019
2019/08/21,投信,684,1000,1969,1592,-1285,-592,6931,9339,32440,59347,-25509,-50008
2019/08/21,外資及陸資,197429,147209,195139,138430,2290,8779,188531,148899,112491,48116,76040,100783
2019/08/22,自營商,227581,35134,250428,33728,-22847,1406,163497,21100,246016,43749,-82519,-22649
2019/08/22,投信,1315,2662,41,86,1274,2576,7046,9473,31281,56838,-24235,-47365
2019/08/22,外資及陸資,181722,121741,181942,133310,-220,-11569,204550,144272,128730,55095,75820,89177
2019/08/23,自營商,168733,22909,173059,23229,-4326,-320,171630,22425,258542,45432,-86912,-23007
2019/08/23,投信,165,345,250,127,-85,218,7206,9835,31526,57075,-24320,-47240
2019/08/23,外資及陸資,164598,114481,165601,110045,-1003,4436,216054,148655,141233,54869,74821,93786
2019/08/26,自營商,361373,48675,376616,52429,-15243,-3754,212112,22713,314264,48871,-102152,-26158
2019/08/26,投信,1322,667,1546,716,-224,-49,7192,9629,31736,56060,-24544,-46431
2019/08/26,外資及陸資,344395,217601,362947,228396,-18552,-10795,217340,146171,161053,64937,56287,81234
2019/08/27,自營商,286115,34865,295026,33615,-8911,1250,224841,24096,335902,49169,-111061,-25073
2019/08/27,投信,42,87,22,36,20,51,7207,9721,31731,56353,-24524,-46632
2019/08/27,外資及陸資,226952,132019,211643,122545,15309,9474,226724,146993,155128,55779,71596,91214
2019/08/28,自營商,363905,42623,349634,41770,14271,853,182698,22345,270937,46857,-88239,-24512
2019/08/28,投信,460,680,1358,48,-898,632,7182,9739,31404,55969,-24222,-46230
2019/08/28,外資及陸資,246562,132546,239227,132106,7335,440,224448,149136,140949,56931,83499,92205
2019/08/29,自營商,186376,25797,181518,26491,4858,-694,214252,23641,297599,48929,-83347,-25288
2019/08/29,投信,1,2,11,11,-10,-9,7171,9746,31403,56062,-24232,-46316
2019/08/29,外資及陸資,181296,124132,176988,114614,4308,9518,243505,156735,155693,54789,87812,101946
2019/08/30,自營商,299817,33777,267051,33111,32766,666,248557,28385,300020,53429,-51463,-25044
2019/08/30,投信,916,1935,500,178,416,1757,7205,9947,31021,55164,-23816,-45217
2019/08/30,外資及陸資,211430,124277,190370,117254,21060,7023,264601,165523,158729,54979,105872,110544
2019/09/02,自營商,290742,34048,302907,32293,-12165,1755,260349,30724,323955,54156,-63606,-23432
2019/09/02,投信,124,263,800,1697,-676,-1434,7219,10002,31711,56758,-24492,-46756
2019/09/02,外資及陸資,190987,98583,194381,94658,-3394,3925,266023,166823,163545,52058,102478,114765
2019/09/03,自營商,323231,36078,342837,37736,-19606,-1658,272023,31705,355152,56630,-83129,-24925
2019/09/03,投信,0,0,226,454,-226,-454,7200,9928,31918,56868,-24718,-46940
2019/09/03,外資及陸資,181580,104103,191456,112584,-9876,-8481,273249,162784,180644,57194,92605,105590
2019/09/04,自營商,428377,44889,381904,46272,46473,-1383,240338,35160,310700,61991,-70362,-26831
2019/09/04,投信,561,942,141,45,420,897,7195,10025,31493,56520,-24298,-46495
2019/09/04,外資及陸資,213080,126810,203282,113173,9798,13637,272584,177446,164894,56927,107690,120519
2019/09/05,自營商,334203,40618,343672,36640,-9469,3978,265493,37581,345301,60699,-79808,-23118
2019/09/05,投信,72,84,787,1689,-715,-1605,6818,9303,31831,57804,-25013,-48501
2019/09/05,外資及陸資,205099,125323,204864,128142,235,-2819,293390,173102,185465,54256,107925,118846
2019/09/06,自營商,230127,28739,229231,27084,896,1655,288668,38474,367775,60026,-79107,-21552
2019/09/06,投信,298,608,10,13,288,595,6812,9331,31537,57390,-24725,-48059
2019/09/06,外資及陸資,179243,104397,154334,97663,24909,6734,312275,177760,181701,51782,130574,125978
2019/09/09,自營商,245496,28000,242272,27829,3224,171,300656,40097,376045,61504,-75389,-21407
2019/09/09,投信,3,6,737,1591,-734,-1585,6776,9276,32235,59036,-25459,-49760
2019/09/09,外資及陸資,147935,97830,159163,95245,-11228,2585,309745,180604,190399,51739,119346,128865
2019/09/10,自營商,254567,32060,267566,31517,-12999,543,300826,40465,388579,61079,-87753,-20614
2019/09/10,投信,0,0,1013,2176,-1013,-2176,6770,9221,33242,60918,-26472,-51697
2019/09/10,外資及陸資,145748,91106,161968,97141,-16220,-6035,303645,174935,200522,52887,103123,122048
2019/09/11,自營商,399286,46909,418526,42709,-19240,4200,248602,41526,327114,58015,-78512,-16489
2019/09/11,投信,164,26,277,125,-113,-99,6761,9232,33310,61183,-26549,-51951
2019/09/11,外資及陸資,202974,125456,207910,126884,-4936,-1428,290798,173689,191295,52637,99503,121052
2019/09/12,自營商,293895,52631,311394,50173,-17499,2458,271626,44209,367565,58371,-95939,-14162
2019/09/12,投信,2676,5666,5087,10875,-2411,-5209,6756,9263,35716,66667,-28960,-57404
2019/09/12,外資及陸資,192707,144388,186940,144836,5767,-448,317446,202502,212179,81240,105267,121262
2019/09/16,自營商,309795,53259,283861,53564,25934,-305,301238,44180,371086,58665,-69848,-14485
2019/09/16,投信,18944,37943,20343,40877,-1399,-2934,6726,9246,37085,69861,-30359,-60615
2019/09/16,外資及陸資,254665,221313,250461,200136,4204,21177,343990,243264,234519,100105,109471,143159
2019/09/17,自營商,261283,49603,282577,48830,-21294,773,310031,51719,399441,65414,-89410,-13695
2019/09/17,投信,18263,31727,18122,31486,141,241,6788,9355,37006,69716,-30218,-60361
2019/09/17,外資及陸資,199161,171819,202791,185057,-3630,-13238,353475,240976,247634,111111,105841,129865
2019/09/18,自營商,425314,58595,405318,64637,19996,-6042,167975,26578,187094,47611,-19119,-21033
2019/09/18,投信,1245,1546,1076,1437,169,109,6949,9754,35398,70303,-28449,-60549
2019/09/18,外資及陸資,193686,137801,173622,126994,20064,10807,200949,171919,106533,47918,94416,124001
2019/09/19,自營商,212595,28506,219236,26396,-6641,2110,211271,28732,236041,47603,-24770,-18871
2019/09/19,投信,1049,2279,723,1570,326,709,6950,9732,35073,69420,-28123,-59688
2019/09/19,外資及陸資,156423,109116,177883,120774,-21460,-11658,215908,170259,142920,58167,72988,112092
2019/09/20,自營商,155167,21493,148058,20579,7109,914,231139,29659,248832,47672,-17693,-18013
2019/09/20,投信,5,11,0,0,5,11,6950,9760,35068,69616,-28118,-59856
2019/09/20,外資及陸資,136877,95391,132172,87555,4705,7836,233669,178129,155976,57882,77693,120247
2019/09/23,自營商,195759,27630,206321,25106,-10562,2524,241583,30552,270633,46046,-29050,-15494
2019/09/23,投信,0,0,768,1564,-768,-1564,6937,9719,35823,71102,-28886,-61383
2019/09/23,外資及陸資,145974,98061,156209,102052,-10235,-3991,239843,175234,172387,59066,67456,116168
2019/09/24,自營商,272477,36782,270791,37163,1686,-381,246279,33799,275300,49676,-29021,-15877
2019/09/24,投信,0,0,812,1771,-812,-1771,6934,9726,36632,72954,-29698,-63228
2019/09/24,外資及陸資,166498,111368,163263,111023,3235,345,247718,178898,177006,62247,70712,116651
2019/09/25,自營商,362725,38960,385985,41494,-23260,-2534,218879,32217,238830,50535,-19951,-18318
2019/09/25,投信,81,0,888,1740,-807,-1740,6508,8755,37013,73350,-30505,-64595
2019/09/25,外資及陸資,204485,126911,224896,133991,-20411,-7080,246787,177653,175482,68759,71305,108894
2019/09/26,自營商,221807,31537,232939,29621,-11132,1916,245097,33449,276173,49942,-31076,-16493
2019/09/26,投信,9,20,243,527,-234,-507,6269,8237,37008,73357,-30739,-65120
2019/09/26,外資及陸資,177804,127545,173590,124883,4214,2662,255362,178865,179843,67205,75519,111660
2019/09/27,自營商,235795,32223,241366,33414,-5571,-1191,253503,34253,290187,51887,-36684,-17634
2019/09/27,投信,907,1964,1741,313,-834,1651,6268,8225,37841,71584,-31573,-63359
2019/09/27,外資及陸資,188244,136032,180673,128678,7571,7354,264682,182483,181637,63659,83045,118824
2019/10/01,自營商,340853,48082,316353,48861,24500,-779,273539,40900,286798,59712,-13259,-18812
2019/10/01,投信,1693,1520,961,19,732,1501,6301,8398,37142,71036,-30841,-62638
2019/10/01,外資及陸資,207129,143771,198972,130557,8157,13214,273532,196118,182350,62463,91182,133655
2019/10/02,自營商,282354,31438,295124,31566,-12770,-128,239048,39125,260331,58075,-21283,-18950
2019/10/02,投信,1634,3393,121,68,1513,3325,6282,8347,35601,67488,-29319,-59141
2019/10/02,外資及陸資,173321,108067,193219,116576,-19898,-8509,254526,191768,182632,66965,71894,124803
2019/10/03,自營商,300993,40891,321473,42728,-20480,-1837,256995,38788,298891,59493,-41896,-20705
2019/10/03,投信,1436,3117,85,179,1351,2938,6277,8285,34245,64087,-27968,-55802
2019/10/03,外資及陸資,230109,148485,219112,149605,10997,-1120,280044,192830,197183,69956,82861,122874
2019/10/04,自營商,279085,39333,288263,36588,-9178,2745,279654,43270,330730,61304,-51076,-18034
2019/10/04,投信,14,30,701,1525,-687,-1495,6276,8301,34931,65742,-28655,-57441
2019/10/04,外資及陸資,224457,159796,226150,158255,-1693,1541,287090,193205,205916,68468,81174,124737
2019/10/07,自營商,239306,38789,239200,35322,106,3467,292795,48141,343756,62876,-50961,-14735
2019/10/07,投信,35,76,1,2,34,74,6296,8373,34917,65935,-28621,-57562
2019/10/07,外資及陸資,161379,106316,160012,107754,1367,-1438,290484,191358,207943,67615,82541,123743
2019/10/08,自營商,367800,55516,346365,59773,21435,-4257,307955,49713,337628,68850,-29673,-19137
2019/10/08,投信,408,896,355,781,53,115,6259,8359,34827,66270,-28568,-57911
2019/10/08,外資及陸資,208135,139196,199208,123583,8927,15613,307304,211661,215836,71169,91468,140492
2019/10/09,自營商,389376,58168,441155,53868,-51779,4300,233003,43058,284989,57500,-51986,-14442
2019/10/09,投信,3744,8023,5124,10791,-1380,-2768,6220,8196,36168,68252,-29948,-60056
2019/10/09,外資及陸資,252449,149325,277623,172732,-25174,-23407,291126,196085,221447,80440,69679,115645
2019/10/14,自營商,351047,68946,314103,72088,36944,-3142,280534,44346,295367,62223,-14833,-17877
2019/10/14,投信,19922,40063,18873,38511,1049,1552,6253,8418,35152,67984,-28899,-59566
2019/10/14,外資及陸資,275575,250302,281322,235067,-5747,15235,317536,222000,253586,88924,63950,133076
2019/10/15,自營商,303313,72829,299664,68001,3649,4828,299853,46264,309829,59398,-9976,-13134
2019/10/15,投信,16808,29505,17223,30378,-415,-873,6255,8441,35568,69067,-29313,-60626
2019/10/15,外資及陸資,221678,213010,222147,214567,-469,-1557,328555,228398,264994,96439,63561,131959
2019/10/16,自營商,437265,64387,421462,69152,15803,-4765,199378,35000,194963,45363,4415,-10363
2019/10/16,投信,398,355,388,299,10,56,6224,8409,33901,69271,-27677,-60862
2019/10/16,外資及陸資,235607,158274,220986,151877,14621,6397,199578,193363,142509,63498,57069,129865
2019/10/17,自營商,172644,24001,174349,21749,-1705,2252,237267,36770,234535,45034,2732,-8264
2019/10/17,投信,231,508,322,718,-91,-210,6204,8377,33972,69598,-27768,-61221
2019/10/17,外資及陸資,136644,96328,132019,90067,4625,6261,220493,200829,158808,64373,61685,136456
2019/10/18,自營商,296249,45781,317222,47300,-20973,-1519,255699,38980,273953,48691,-18254,-9711
2019/10/18,投信,14,18,2,2,12,16,6216,8377,33972,69532,-27756,-61155
2019/10/18,外資及陸資,219563,149483,229997,161369,-10434,-11886,223571,192882,172320,68443,51251,124439
2019/10/21,自營商,158591,26762,163892,23923,-5301,2839,256665,39932,280314,46806,-23649,-6874
2019/10/21,投信,800,1785,143,298,657,1487,6176,8315,33275,68023,-27099,-59708
2019/10/21,外資及陸資,140923,93514,145334,100612,-4411,-7098,227320,188941,180480,71555,46840,117386
2019/10/22,自營商,294974,38556,290395,34258,4579,4298,272470,43724,291532,46377,-19062,-2653
2019/10/22,投信,54,121,411,924,-357,-803,5792,7511,33248,68471,-27456,-60960
2019/10/22,外資及陸資,179875,106279,172240,100569,7635,5710,239823,191801,185348,67770,54475,124031
2019/10/23,自營商,306584,35963,333794,38856,-27210,-2893,228305,40464,228346,45898,-41,-5434
2019/10/23,投信,99,5,587,1085,-488,-1080,5767,7449,33711,69270,-27944,-61821
2019/10/23,外資及陸資,167007,102754,167429,102953,-422,-199,232456,191447,177182,68034,55274,123413
2019/10/24,自營商,212378,28952,211389,25885,989,3067,263298,42252,262395,44745,903,-2493
2019/10/24,投信,235,530,4,9,231,521,5776,7524,33489,69310,-27713,-61786
2019/10/24,外資及陸資,145345,99965,139952,89778,5393,10187,243036,198684,185969,63989,57067,134695
2019/10/25,自營商,211858,25622,223786,26927,-11928,-1305,262420,40592,273451,44308,-11031,-3716
2019/10/25,投信,76,165,1,2,75,163,5783,7532,33421,69125,-27638,-61593
2019/10/25,外資及陸資,139861,91451,146669,99233,-6808,-7782,245392,194198,195133,67343,50259,126855
2019/10/28,自營商,166385,19499,160250,21312,6135,-1813,273934,40596,278810,46186,-4876,-5590
2019/10/28,投信,321,726,55,124,266,602,5734,7443,33106,68588,-27372,-61145
2019/10/28,外資及陸資,122785,81867,121639,75145,1146,6722,248513,196377,197108,62447,51405,133930
2019/10/29,自營商,259239,28074,244244,31308,14995,-3234,283903,40388,273755,49232,10148,-8844
2019/10/29,投信,9,19,14,32,-5,-13,5729,7439,33106,68678,-27377,-61239
2019/10/29,外資及陸資,171272,105372,173049,104948,-1777,424,250341,197498,200716,62933,49625,134565
2019/10/30,自營商,280638,27067,290842,26148,-10204,919,265684,41010,252553,48841,13131,-7831
2019/10/30,投信,98,11,94,0,4,11,5726,7443,33099,68747,-27373,-61304
2019/10/30,外資及陸資,154353,91295,153510,89095,843,2200,244782,199127,196564,62184,48218,136943
2019/10/31,自營商,216853,28934,224054,26489,-7201,2445,295262,42507,289880,47909,5382,-5402
2019/10/31,投信,230,522,66,150,164,372,5749,7502,32958,68471,-27209,-60969
2019/10/31,外資及陸資,170130,113451,172564,112027,-2434,1424,253627,201149,207843,62673,45784,138476
2019/11/01,自營商,193574,24512,190793,22881,2781,1631,297227,44458,289193,48318,8034,-3860
2019/11/01,投信,244,553,179,406,65,147,5739,7502,32883,68465,-27144,-60963
2019/11/01,外資及陸資,155576,101019,156728,100193,-1152,826,260424,202251,215792,62602,44632,139649
2019/11/04,自營商,508324,43761,486283,47429,22041,-3668,342286,47165,312185,54773,30101,-7608
2019/11/04,投信,1166,2631,29,23,1137,2608,5731,7603,31738,66891,-26007,-59288
2019/11/04,外資及陸資,242180,137225,225188,127683,16992,9542,287827,220285,226203,68601,61624,151684
2019/11/05,自營商,387778,40783,390444,40722,-2666,61,360137,49689,332553,57353,27584,-7664
2019/11/05,投信,1797,4048,74,20,1723,4028,5730,7676,30014,63467,-24284,-55791
2019/11/05,外資及陸資,241848,132201,249878,144762,-8030,-12561,291360,215546,237717,74896,53643,140650
2019/11/06,自營商,513284,44915,504970,43885,8314,1030,315429,48237,285397,54629,30032,-6392
2019/11/06,投信,1035,2135,223,240,812,1895,5630,7451,29102,61379,-23472,-53928
2019/11/06,外資及陸資,257222,137860,258985,142391,-1763,-4531,279465,210547,224626,74370,54839,136177
2019/11/07,自營商,278640,33113,297971,35683,-19331,-2570,335341,46080,324594,54967,10747,-8887
2019/11/07,投信,716,1626,405,909,311,717,5263,6566,28424,59524,-23161,-52958
2019/11/07,外資及陸資,192901,127854,205060,134870,-12159,-7016,285974,202654,243294,74231,42680,128423
2019/11/08,自營商,298844,33517,312147,32233,-13303,1284,346397,47422,348827,54995,-2430,-7573
2019/11/08,投信,67,141,341,777,-274,-636,4927,5776,28362,59257,-23435,-53481
2019/11/08,外資及陸資,199366,145065,208572,148808,-9206,-3743,284856,198615,251382,74237,33474,124378
2019/11/11,自營商,425876,42196,428034,50750,-2158,-8554,367013,44851,372186,60692,-5173,-15841
2019/11/11,投信,109,60,766,1560,-657,-1500,4905,5654,28997,60010,-24092,-54356
2019/11/11,外資及陸資,253263,159481,251862,159714,1401,-233,294262,201177,259387,78596,34875,122581
2019/11/12,自營商,356295,36971,357912,30941,-1617,6030,380976,49160,387901,59189,-6925,-10029
2019/11/12,投信,1629,3751,6,14,1623,3737,4906,5693,27375,56727,-22469,-51034
2019/11/12,外資及陸資,194042,117690,191191,120648,2851,-2958,303034,202824,265305,82162,37729,120662
2019/11/13,自營商,453366,41340,477955,40875,-24589,465,320314,46185,315551,55606,4763,-9421
2019/11/13,投信,85,0,106,41,-21,-41,4902,5663,27392,56480,-22490,-50817
2019/11/13,外資及陸資,220741,137475,230835,140652,-10094,-3177,278033,197519,250052,80707,27981,116812
2019/11/14,自營商,285222,42079,284407,42703,815,-624,341383,45404,335963,55451,5420,-10047
2019/11/14,投信,977,2048,81,0,896,2048,4902,5660,26496,54387,-21594,-48727
2019/11/14,外資及陸資,216820,162123,212636,165278,4184,-3155,288550,201558,256385,88006,32165,113552
2019/11/15,自營商,321681,47380,316851,44771,4830,2609,355531,46671,343833,54245,11698,-7574
2019/11/15,投信,5279,10980,4836,9953,443,1027,4923,5736,26074,53765,-21151,-48029
2019/11/15,外資及陸資,216319,168291,227485,176747,-11166,-8456,294629,203094,273630,97120,20999,105974
2019/11/18,自營商,275229,52271,269108,50013,6121,2258,357076,50050,341141,55428,15935,-5378
2019/11/18,投信,14497,30847,14655,31235,-158,-388,4748,5323,26057,54006,-21309,-48683
2019/11/18,外資及陸資,210684,214712,208848,212390,1836,2322,298627,207542,275792,98581,22835,108961
2019/11/19,自營商,400636,56515,396281,54435,4355,2080,370934,51228,350744,54582,20190,-3354
2019/11/19,投信,11118,18188,10778,17386,340,802,4761,5382,25730,53504,-20969,-48122
2019/11/19,外資及陸資,246564,191034,253040,195053,-6476,-4019,303143,211164,286796,105613,16347,105551
2019/11/20,自營商,411746,67197,417335,63495,-5589,3702,184643,36207,176789,38084,7854,-1877
2019/11/20,投信,368,426,327,418,41,8,4771,5361,25716,53311,-20945,-47950
2019/11/20,外資及陸資,211098,145604,224701,156265,-13603,-10661,158207,160708,144772,62633,13435,98075
2019/11/21,自營商,291843,40655,296746,44701,-4903,-4046,227543,36755,224486,42671,3057,-5916
2019/11/21,投信,301,695,149,264,152,431,4650,5136,25443,52428,-20793,-47292
2019/11/21,外資及陸資,245837,194733,252090,189202,-6253,5531,182682,167725,175497,64629,7185,103096
2019/11/22,自營商,188386,23443,204160,25030,-15774,-1587,238517,37268,251365,44780,-12848,-7512
2019/11/22,投信,24,47,2,5,22,42,4667,5167,25438,52456,-20771,-47289
2019/11/22,外資及陸資,155385,118738,159272,124214,-3887,-5476,187560,164680,184286,66979,3274,97701
2019/11/25,自營商,264858,28186,265688,30310,-830,-2124,246519,37499,260375,47183,-13856,-9684
2019/11/25,投信,723,1673,10,11,713,1662,4676,5205,24734,50874,-20058,-45669
2019/11/25,外資及陸資,175384,117349,169488,116725,5896,624,195796,164509,186626,66085,9170,98424
2019/11/26,自營商,312464,38066,298659,39897,13805,-1831,261728,38632,261673,50255,55,-11623
2019/11/26,投信,239,555,68,156,171,399,4616,5090,24503,50569,-19887,-45479
2019/11/26,外資及陸資,208153,144053,196235,132778,11918,11275,204319,174110,186237,63946,18082,110164
2019/11/27,自營商,253511,30149,262655,25191,-9144,4958,206915,39809,218805,46448,-11890,-6639
2019/11/27,投信,84,9,111,17,-27,-8,4589,5095,24503,50695,-19914,-45600
2019/11/27,外資及陸資,139932,95570,140542,92161,-610,3409,189949,176827,172385,62900,17564,113927
2019/11/28,自營商,214246,26773,221947,26087,-7701,686,240963,38913,260487,44807,-19524,-5894
2019/11/28,投信,0,0,214,497,-214,-497,4575,5045,24703,51008,-20128,-45963
2019/11/28,外資及陸資,152874,110993,168347,127409,-15473,-16416,197357,167574,195266,70382,2091,97192
2019/11/29,自營商,364734,39641,386014,44630,-21280,-4989,243305,38387,283951,49006,-40646,-10619
2019/11/29,投信,28,64,668,1532,-640,-1468,4580,4991,25348,51826,-20768,-46835
2019/11/29,外資及陸資,219198,143943,235796,160857,-16598,-16914,211776,162992,226277,83925,-14501,79067
2019/12/02,自營商,328227,35600,317342,37058,10885,-1458,268869,39109,298647,51264,-29778,-12155
2019/12/02,投信,9,19,206,474,-197,-455,4583,5015,25548,52468,-20965,-47453
2019/12/02,外資及陸資,212351,145391,191512,126271,20839,19120,221844,170797,213406,72250,8438,98547
2019/12/03,自營商,361525,39279,357697,39301,3828,-22,278490,39320,303898,51591,-25408,-12271
2019/12/03,投信,4,9,4,9,0,0,4579,5014,25544,52550,-20965,-47536
2019/12/03,外資及陸資,237295,153701,227127,141395,10168,12306,227711,180389,209105,69298,18606,111091
2019/12/04,自營商,439655,47724,456845,46650,-17190,1074,240642,38940,255579,50038,-14937,-11098
2019/12/04,投信,80,0,168,202,-88,-202,4574,5000,25627,52653,-21053,-47653
2019/12/04,外資及陸資,283480,180025,305773,186782,-22293,-6757,200336,175057,201843,70985,-1507,104072
2019/12/05,自營商,320817,39616,299682,40339,21135,-723,290353,40585,284180,52632,6173,-12047
2019/12/05,投信,365,846,0,0,365,846,4596,5096,25284,52303,-20688,-47207
2019/12/05,外資及陸資,203774,148385,191420,136687,12354,11698,221388,188468,210541,71672,10847,116796
2019/12/06,自營商,319978,28908,315679,30891,4299,-1983,311758,41500,301205,55577,10553,-14077
2019/12/06,投信,12,26,0,0,12,26,4597,5106,25273,52339,-20676,-47233
2019/12/06,外資及陸資,188722,128753,191459,124631,-2737,4122,228277,189878,220167,68811,8110,121067
2019/12/09,自營商,305376,31887,296483,31629,8893,258,325858,43294,306397,57326,19461,-14032
2019/12/09,投信,339,789,11,26,328,763,4608,5154,24956,51873,-20348,-46719
2019/12/09,外資及陸資,191604,116015,190413,113364,1191,2651,231789,195702,226088,71268,5701,124434
2019/12/10,自營商,247059,32269,289454,26567,-42395,5702,299790,43419,322698,51671,-22908,-8252
2019/12/10,投信,12,28,222,516,-210,-488,4612,5144,25170,52161,-20558,-47017
2019/12/10,外資及陸資,166761,90781,188990,115076,-22229,-24295,221281,180646,237716,81047,-16435,99599
2019/12/11,自營商,496149,50821,472071,48509,24078,2312,263249,47908,271680,53946,-8431,-6038
2019/12/11,投信,316,543,116,63,200,480,4594,5145,24951,52009,-20357,-46864
2019/12/11,外資及陸資,317304,160147,301152,141592,16152,18555,222366,190096,231209,71047,-8843,119049
2019/12/12,自營商,454291,54905,442852,56081,11439,-1176,314074,49141,311201,56503,2873,-7362
2019/12/12,投信,736,1606,706,1543,30,63,4650,5343,24977,52750,-20327,-47407
2019/12/12,外資及陸資,300885,201646,285984,195089,14901,6557,249857,196432,243799,68950,6058,127482
2019/12/13,自營商,385331,62050,395834,59357,-10503,2693,343135,52090,350946,56894,-7811,-4804
2019/12/13,投信,3669,7459,4355,9085,-686,-1626,4692,5504,25705,54999,-21013,-49495
2019/12/13,外資及陸資,353720,242244,353211,250227,509,-7983,264238,216604,257692,95652,6546,120952
2019/12/16,自營商,317901,53815,331661,49335,-13760,4480,345726,54453,366021,54853,-20295,-400
2019/12/16,投信,15544,34576,17227,38552,-1683,-3976,4707,5539,27403,58997,-22696,-53458
2019/12/16,外資及陸資,307194,260391,305179,260219,2015,172,277331,237322,268768,116269,8563,121053
2019/12/17,自營商,423117,68752,426715,63749,-3598,5003,354975,59695,380604,55206,-25629,4489
2019/12/17,投信,9817,15767,10876,18314,-1059,-2547,4717,5634,28472,62298,-23755,-56664
2019/12/17,外資及陸資,286028,227117,291621,239283,-5593,-12166,274634,231404,271649,120895,2985,110509
2019/12/18,自營商,395519,72339,405647,64706,-10128,7633,131678,31813,168949,37648,-37271,-5835
2019/12/18,投信,682,1319,1002,2099,-320,-780,4738,5681,28808,63135,-24070,-57454
2019/12/18,外資及陸資,261431,138843,259496,147949,1935,-9106,139399,174672,107818,62446,31581,112226
2019/12/19,自營商,225656,29569,244471,31937,-18815,-2368,168054,32822,224071,40896,-56017,-8074
2019/12/19,投信,20,46,614,1478,-594,-1432,4757,5692,29421,64267,-24664,-58575
2019/12/19,外資及陸資,184604,122387,196228,127891,-11624,-5504,149028,173713,129071,67648,19957,106065
2019/12/20,自營商,303940,37674,303920,41278,20,-3604,190953,31115,247049,42682,-56096,-11567
2019/12/20,投信,160,383,48,108,112,275,4870,5944,29422,63980,-24552,-58036
2019/12/20,外資及陸資,268685,171345,270356,175686,-1671,-4341,160908,170936,142637,69716,18271,101220
2019/12/23,自營商,209782,24510,219382,24697,-9600,-187,194339,30213,260251,42068,-65912,-11855
2019/12/23,投信,0,0,9,22,-9,-22,4863,5940,29424,64207,-24561,-58267
2019/12/23,外資及陸資,165148,110520,167446,111590,-2298,-1070,166099,171858,150126,71329,15973,100529
2019/12/24,自營商,191123,19698,186962,20638,4161,-940,204600,31310,266314,44072,-61714,-12762
2019/12/24,投信,52,125,163,391,-111,-266,4752,5660,29424,64012,-24672,-58352
2019/12/24,外資及陸資,144978,75670,152760,86095,-7782,-10425,162256,164073,154065,74252,8191,89821
2019/12/25,自營商,258705,24994,265135,20463,-6430,4531,159411,32009,221602,40382,-62191,-8373
2019/12/25,投信,78,14,114,98,-36,-84,4708,5580,29416,64191,-24708,-58611
2019/12/25,外資及陸資,113103,50907,113131,50763,-28,144,146182,165304,140777,75056,5405,90248
2019/12/26,自營商,121550,16012,133034,14077,-11484,1935,179112,33664,252759,40117,-73647,-6453
2019/12/26,投信,0,0,507,1217,-507,-1217,4703,5568,29918,65334,-25215,-59766
2019/12/26,外資及陸資,92552,57900,102593,65553,-10041,-7653,153194,165056,157830,82544,-4636,82512
2019/12/27,自營商,210945,24806,196709,26907,14236,-2101,198758,33825,258095,42549,-59337,-8724
2019/12/27,投信,33,80,0,0,33,80,4716,5638,29898,65775,-25182,-60137
2019/12/27,外資及陸資,165959,105300,155879,94932,10080,10368,165301,175177,159866,81561,5435,93616
2019/12/30,自營商,185643,21992,189108,24019,-3465,-2027,198528,34264,261286,45023,-62758,-10759
2019/12/30,投信,16,39,207,500,-191,-461,4712,5623,30085,66074,-25373,-60451
2019/12/30,外資及陸資,162045,93187,168743,94941,-6698,-1754,166658,173142,167936,81512,-1278,91630
2019/12/31,自營商,232689,26526,237222,29093,-4533,-2567,200962,34880,268285,48135,-67323,-13255
2019/12/31,投信,0,0,884,1293,-884,-1293,4682,5516,30939,66876,-26257,-61360
2019/12/31,外資及陸資,178058,100249,186442,105642,-8384,-5393,170027,171776,179689,86145,-9662,85631
2020/01/02,自營商,414231,49120,412253,43879,1978,5241,176724,38162,248597,46477,-71873,-8315
2020/01/02,投信,1711,3986,218,91,1493,3895,4691,5602,29455,63616,-24764,-58014
2020/01/02,外資及陸資,253581,134914,238326,136284,15255,-1370,156863,170610,154564,85418,2299,85192
2020/01/03,自營商,460920,79554,450508,76314,10412,3240,214495,38587,275813,43610,-61318,-5023
2020/01/03,投信,42,101,61,145,-19,-44,4659,5520,29442,63518,-24783,-57998
2020/01/03,外資及陸資,380185,242818,386253,245253,-6068,-2435,172520,169919,176289,87175,-3769,82744
2020/01/06,自營商,352153,43697,364068,51106,-11915,-7409,241782,36637,314965,48860,-73183,-12223
2020/01/06,投信,20,48,251,600,-231,-552,4636,5403,29650,63279,-25014,-57876
2020/01/06,外資及陸資,293651,181652,304880,190284,-11229,-8632,182729,163805,197727,90698,-14998,73107
2020/01/07,自營商,574630,71068,595528,72118,-20898,-1050,245559,36606,339386,49636,-93827,-13030
2020/01/07,投信,981,1456,356,825,625,631,4612,5329,29001,62186,-24389,-56857
2020/01/07,外資及陸資,420978,226285,428132,234349,-7154,-8064,182231,154803,204485,90284,-22254,64519
2020/01/08,自營商,648128,75731,639648,78821,8480,-3090,218761,33992,270687,49941,-51926,-15949
2020/01/08,投信,69,0,391,767,-322,-767,4605,5276,29316,62502,-24711,-57226
2020/01/08,外資及陸資,528911,265331,522438,246589,6473,18742,181102,165534,193894,82686,-12792,82848
2020/01/09,自營商,296465,60387,284286,57107,12179,3280,251574,41787,291131,54836,-39557,-13049
2020/01/09,投信,938,2033,302,720,636,1313,4623,5398,28698,62195,-24075,-56797
2020/01/09,外資及陸資,289487,205977,280531,198863,8956,7114,202644,176575,206525,85180,-3881,91395
2020/01/10,自營商,264085,49035,271181,46617,-7096,2418,264523,42696,311235,53386,-46712,-10690
2020/01/10,投信,4041,8285,6304,13263,-2263,-4978,4650,5480,30988,67462,-26338,-61982
2020/01/10,外資及陸資,271420,216931,273611,213782,-2191,3149,225375,191988,231474,97100,-6099,94888
2020/01/13,自營商,386860,64443,364623,64147,22237,296,295247,41404,319679,51994,-24432,-10590
2020/01/13,投信,14680,32916,15208,34138,-528,-1222,4649,5529,31515,69259,-26866,-63730
2020/01/13,外資及陸資,344166,284257,336875,274809,7291,9448,239185,212674,238002,107457,1183,105217
2020/01/14,自營商,346085,68669,333931,69673,12154,-1004,317153,40622,327134,52375,-9981,-11753
2020/01/14,投信,14256,26719,13927,25995,329,724,4663,5582,31200,68915,-26537,-63333
2020/01/14,外資及陸資,267645,218885,278754,226206,-11109,-7321,241204,203497,251108,105046,-9904,98451
2020/01/15,自營商,444516,85059,493782,85653,-49266,-594,169491,29985,184142,38669,-14651,-8684
2020/01/15,投信,1609,3095,194,135,1415,2960,4650,5501,29754,65327,-25104,-59826
2020/01/15,外資及陸資,313801,204569,327911,212503,-14110,-7934,156134,163564,153526,73865,2608,89699
2020/01/16,自營商,174654,35583,175902,34193,-1248,1390,201862,31798,217900,39116,-16038,-7318
2020/01/16,投信,829,1998,27,54,802,1944,4660,5534,28962,63401,-24302,-57867
2020/01/16,外資及陸資,197596,153695,211743,167665,-14147,-13970,164587,158657,176126,82989,-11539,75668
2020/01/17,自營商,192730,37347,194666,37531,-1936,-184,225548,33135,243657,40619,-18109,-7484
2020/01/17,投信,1,2,0,0,1,2,4661,5545,28962,63496,-24301,-57951
2020/01/17,外資及陸資,203037,156300,206736,154531,-3699,1769,169576,157729,184805,80225,-15229,77504
2020/01/20,自營商,183977,31114,184497,30193,-520,921,244121,34889,262659,41485,-18538,-6596
2020/01/20,投信,537,1301,26,52,511,1249,4647,5530,28433,62426,-23786,-56896
2020/01/20,外資及陸資,159266,111007,161322,111211,-2056,-204,174949,160267,192231,82687,-17282,77580
2020/01/30,自營商,785646,110293,878827,115536,-93181,-5243,214108,36164,272520,46892,-58412,-10728
2020/01/30,投信,277,297,2808,6071,-2531,-5774,4699,5278,31016,64480,-26317,-59202
2020/01/30,外資及陸資,430084,332195,476404,367122,-46320,-34927,174166,145143,220165,106697,-45999,38446
2020/01/31,自營商,418769,63688,401458,63083,17311,605,270969,34909,312255,45201,-41286,-10292
2020/01/31,投信,1050,2397,60,117,990,2280,4677,5250,30004,62604,-25327,-57354
2020/01/31,外資及陸資,405262,312448,358474,279879,46788,32569,219666,160482,219009,89149,657,71333
2020/02/03,自營商,543371,86279,572349,84534,-28978,1745,294658,41264,365139,49617,-70481,-8353
2020/02/03,投信,777,1745,836,1639,-59,106,4739,5522,30125,62045,-25386,-56523
2020/02/03,外資及陸資,556458,380551,556338,379394,120,1157,235742,155899,237665,84343,-1923,71556
2020/02/04,自營商,520573,68821,486951,62022,33622,6799,322763,41891,359793,43778,-37030,-1887
2020/02/04,投信,2486,5737,9,21,2477,5716,4773,5716,27679,57573,-22906,-51857
2020/02/04,外資及陸資,404327,247871,394163,241516,10164,6355,242846,157238,234569,77781,8277,79457
2020/02/05,自營商,687991,78686,681318,82320,6673,-3634,277533,39300,296444,44808,-18911,-5508
2020/02/05,投信,156,201,458,893,-302,-692,4719,5603,27933,58201,-23214,-52598
2020/02/05,外資及陸資,502412,254627,495448,250927,6964,3700,233275,160908,224036,77719,9239,83189
2020/02/06,自營商,362421,56366,349393,50981,13028,5385,308813,42956,314898,43362,-6085,-406
2020/02/06,投信,864,2028,358,716,506,1312,4738,5748,27446,57934,-22708,-52186
2020/02/06,外資及陸資,337442,232855,326816,226226,10626,6629,245936,165258,226968,73741,18968,91517
2020/02/07,自營商,295549,43657,312976,48057,-17427,-4400,328673,41941,352164,46566,-23491,-4625
2020/02/07,投信,209,484,131,304,78,180,4697,5586,27327,56919,-22630,-51333
2020/02/07,外資及陸資,308656,211033,309830,216515,-1174,-5482,260450,154094,242615,69317,17835,84777
2020/02/10,自營商,421950,62342,436853,62217,-14903,125,343818,42659,382108,47130,-38290,-4471
2020/02/10,投信,724,1675,46,100,678,1575,4681,5544,26633,55198,-21952,-49654
2020/02/10,外資及陸資,408358,258130,409101,259631,-743,-1501,272780,156062,255611,72964,17169,83098
2020/02/11,自營商,373811,47512,354495,48036,19316,-524,364895,43010,384716,48219,-19821,-5209
2020/02/11,投信,653,1522,22,51,631,1471,4671,5570,25992,54176,-21321,-48606
2020/02/11,外資及陸資,281907,153192,285410,155216,-3503,-2024,278522,154135,264832,72336,13690,81799
2020/02/12,自營商,510628,59410,462285,53608,48343,5802,317674,46887,319417,46468,-1743,419
2020/02/12,投信,537,1104,77,24,460,1080,4690,5667,25551,53637,-20861,-47970
2020/02/12,外資及陸資,323490,160612,317872,148115,5618,12497,264645,167404,253868,72235,10777,95169
2020/02/13,自營商,289586,45588,281513,49103,8073,-3515,350043,46507,343694,49555,6349,-3048
2020/02/13,投信,32,76,65,153,-33,-77,4720,5737,25614,53807,-20894,-48070
2020/02/13,外資及陸資,272530,193278,272757,188000,-227,5278,273938,169770,264204,69269,9734,100501
2020/02/14,自營商,287983,51300,287173,51535,810,-235,355477,47110,348326,50501,7151,-3391
2020/02/14,投信,2933,5616,2926,5593,7,23,4723,5760,25610,53950,-20887,-48190
2020/02/14,外資及陸資,278943,200880,287610,209962,-8667,-9082,275705,170677,274620,78943,1085,91734
2020/02/17,自營商,290475,52292,320208,50812,-29733,1480,350403,46737,373086,48590,-22683,-1853
2020/02/17,投信,15242,32686,15654,33592,-412,-906,4763,5850,26062,54773,-21299,-48923
2020/02/17,外資及陸資,304035,234336,317058,240724,-13023,-6388,280288,185960,292189,100944,-11901,85016
2020/02/18,自營商,444962,88553,476599,87607,-31637,946,357841,53970,412189,54694,-54348,-724
2020/02/18,投信,11967,20898,11091,18951,876,1947,4877,6051,25300,52510,-20423,-46459
2020/02/18,外資及陸資,403430,267814,415603,282658,-12173,-14844,285182,188609,309256,119383,-24074,69226
2020/02/19,自營商,661594,97553,591448,94367,70146,3186,250154,37145,229380,41229,20774,-4084
2020/02/19,投信,785,1488,353,469,432,1019,4877,6125,24872,52111,-19995,-45986
2020/02/19,外資及陸資,387765,230233,377702,221500,10063,8733,151176,146469,162678,68421,-11502,78048
2020/02/20,自營商,267978,44140,293762,42813,-25784,1327,276048,37606,280879,40366,-4831,-2760
2020/02/20,投信,24,57,15,27,9,30,4894,6157,24880,51910,-19986,-45753
2020/02/20,外資及陸資,281372,187293,298477,205671,-17105,-18378,155218,132905,183825,73455,-28607,59450
2020/02/21,自營商,328833,50816,316011,54758,12822,-3942,308837,36926,300935,43573,7902,-6647
2020/02/21,投信,5,12,529,949,-524,-937,4883,6114,25393,52606,-20510,-46492
2020/02/21,外資及陸資,346713,228646,348889,226490,-2176,2156,170019,134948,200826,73589,-30807,61359
2020/02/24,自營商,373744,51398,388314,53228,-14570,-1830,325215,35986,331953,44301,-6738,-8315
2020/02/24,投信,411,941,428,985,-17,-44,5058,6435,25585,52371,-20527,-45936
2020/02/24,外資及陸資,371862,229974,385544,231758,-13682,-1784,179876,140256,224386,81541,-44510,58715
2020/02/25,自營商,508700,69825,519309,66980,-10609,2845,344775,37940,362025,43499,-17250,-5559
2020/02/25,投信,208,480,1252,600,-1044,-120,5010,6340,26581,52518,-21571,-46178
2020/02/25,外資及陸資,520742,306232,516732,303624,4010,2608,189605,144458,230177,82878,-40572,61580
2020/02/26,自營商,669170,77076,665053,76236,4117,840,300448,37010,299572,41667,876,-4657
2020/02/26,投信,587,1204,396,760,191,444,5030,6330,26410,51538,-21380,-45208
2020/02/26,外資及陸資,589734,335766,621234,350038,-31500,-14272,165990,138199,229093,91562,-63103,46637
2020/02/27,自營商,418506,63662,414979,68989,3527,-5327,361616,38153,357466,47813,4150,-9660
2020/02/27,投信,966,664,470,1061,496,-397,5080,6366,25964,51378,-20884,-45012
2020/02/27,外資及陸資,501518,375417,507379,378372,-5861,-2955,184238,137441,253202,94347,-68964,43094
2020/03/02,自營商,474723,75691,511365,75057,-36642,634,371423,40527,404128,49382,-32705,-8855
2020/03/02,投信,175,381,23,52,152,329,5248,6674,25980,50946,-20732,-44272
2020/03/02,外資及陸資,633258,464678,659493,472004,-26235,-7326,199775,140745,294810,105452,-95035,35293
2020/03/03,自營商,560713,69782,519125,72609,41588,-2827,415173,39130,406245,51071,8928,-11941
2020/03/03,投信,218,467,323,731,-105,-264,5353,6989,26190,52106,-20837,-45117
2020/03/03,外資及陸資,572973,406113,567948,393471,5025,12642,211369,143380,301372,94839,-90003,48541
2020/03/04,自營商,611444,76529,596573,70103,14871,6426,367303,41108,341268,46738,26035,-5630
2020/03/04,投信,150,84,2776,6165,-2626,-6081,5368,7058,28831,58417,-23463,-51359
2020/03/04,外資及陸資,532661,351056,537117,340672,-4456,10384,192332,150491,281425,91328,-89093,59163
2020/03/05,自營商,294418,46250,275885,43257,18533,2993,412064,44865,367522,47823,44542,-2958
2020/03/05,投信,541,332,1438,3304,-897,-2972,5562,7223,29922,62151,-24360,-54928
2020/03/05,外資及陸資,293405,225605,289842,217532,3563,8073,215452,164620,300997,96509,-85545,68111
2020/03/06,自營商,361160,58777,387441,61552,-26281,-2775,435863,49206,418232,54393,17631,-5187
2020/03/06,投信,299,43,986,2222,-687,-2179,5575,7003,30622,63037,-25047,-56034
2020/03/06,外資及陸資,362966,265676,396851,287967,-33885,-22291,224233,144259,340657,100104,-116424,44155
2020/03/09,自營商,547329,84834,558282,92022,-10953,-7188,473972,50901,467257,62283,6715,-11382
2020/03/09,投信,1659,1353,2839,6180,-1180,-4827,7168,8032,33395,67333,-26227,-59301
2020/03/09,外資及陸資,618603,457236,595798,436241,22805,20995,238732,153290,335051,90232,-96319,63058
2020/03/10,自營商,721807,107690,781130,98835,-59323,8855,475615,56296,529368,59079,-53753,-2783
2020/03/10,投信,115,218,388,834,-273,-616,7058,7832,33558,67904,-26500,-60072
2020/03/10,外資及陸資,708517,467740,718038,491235,-9521,-23495,247864,143035,351025,103193,-103161,39842
2020/03/11,自營商,709575,86184,731285,89393,-21710,-3209,415118,58819,410945,63938,4173,-5119
2020/03/11,投信,130,137,1101,2253,-971,-2116,7042,7681,34513,69014,-27471,-61333
2020/03/11,外資及陸資,687227,413400,669896,404005,17331,9395,229154,145673,327451,97581,-98297,48092
2020/03/12,自營商,607196,133281,626235,139356,-19039,-6075,448689,64843,463599,74346,-14910,-9503
2020/03/12,投信,52,73,3434,6940,-3382,-6867,7043,7361,37896,72979,-30853,-65618
2020/03/12,外資及陸資,770085,616490,768067,601483,2018,15007,254950,163365,351214,103493,-96264,59872
2020/03/13,自營商,726075,148541,770069,147394,-43994,1147,458581,71526,516015,78306,-57434,-6780
2020/03/13,投信,5471,9791,9270,14821,-3799,-5030,5789,7120,40441,75709,-34652,-68589
2020/03/13,外資及陸資,889842,730341,882851,721852,6991,8489,289469,189484,378712,123962,-89243,65522
2020/03/16,自營商,585323,111408,594049,110942,-8726,466,477815,78312,543634,82542,-65819,-4230
2020/03/16,投信,25427,47449,27001,50030,-1574,-2581,5757,6732,41983,75437,-36226,-68705
2020/03/16,外資及陸資,798842,654211,784353,648616,14489,5595,308777,181046,380161,113714,-71384,67332
2020/03/17,自營商,760076,135359,797848,141861,-37772,-6502,489660,79138,593207,87877,-103547,-8739
2020/03/17,投信,15373,23028,16504,24958,-1131,-1930,6357,7548,43714,75624,-37357,-68076
2020/03/17,外資及陸資,866374,644057,853644,636063,12730,7994,333975,179509,392660,108733,-58685,70776
2020/03/18,自營商,877482,96805,884124,117929,-6642,-21124,269031,62264,266393,63535,2638,-1271
2020/03/18,投信,2649,4553,506,789,2143,3764,6618,7686,41845,69909,-35227,-62223
2020/03/18,外資及陸資,906507,526043,872793,494292,33714,31751,184333,122936,208250,53309,-23917,69627
2020/03/19,自營商,264530,81783,272255,86705,-7725,-4922,286444,65366,291393,69235,-4949,-3869
2020/03/19,投信,575,843,5228,8729,-4653,-7886,7012,7897,46892,74065,-39880,-66168
2020/03/19,外資及陸資,701167,551253,686126,534988,15041,16265,211292,132520,220243,53106,-8951,79414
2020/03/20,自營商,335170,70940,334142,71678,1028,-738,317941,61423,321894,68708,-3953,-7285
2020/03/20,投信,6617,11994,90,163,6527,11831,7247,8951,40600,68771,-33353,-59820
2020/03/20,外資及陸資,644365,496557,630906,497404,13459,-847,244572,143559,240112,55651,4460,87908
2020/03/23,自營商,296913,47972,304628,47230,-7715,742,330370,64518,341786,69580,-11416,-5062
2020/03/23,投信,219,384,4899,8480,-4680,-8096,7142,8390,45175,73826,-38033,-65436
2020/03/23,外資及陸資,569167,405785,566672,397695,2495,8090,258050,144471,247101,53226,10949,91245
2020/03/24,自營商,430574,60364,410394,59774,20180,590,365892,61445,357113,68013,8779,-6568
2020/03/24,投信,3452,6319,135,247,3317,6072,7248,9063,41964,72400,-34716,-63337
2020/03/24,外資及陸資,635873,413033,634414,420063,1459,-7030,263271,143772,250864,52296,12407,91476
2020/03/25,自營商,670083,83680,613868,70470,56215,13210,319619,60321,310293,54964,9326,5357
2020/03/25,投信,1990,3678,710,470,1280,3208,7194,9342,40630,72154,-33436,-62812
2020/03/25,外資及陸資,624313,371236,612926,379793,11387,-8557,257378,140792,231854,53073,25524,87719
2020/03/26,自營商,290468,66462,300735,64672,-10267,1790,351491,61042,352122,53971,-631,7071
2020/03/26,投信,358,578,397,747,-39,-169,7126,9155,40601,72429,-33475,-63274
2020/03/26,外資及陸資,552619,438346,543174,441817,9445,-3471,267308,138052,237772,53258,29536,84794
2020/03/27,自營商,288077,51454,272324,52817,15753,-1363,373621,62537,358623,56794,14998,5743
2020/03/27,投信,1316,2527,865,1282,451,1245,7207,9263,40231,70947,-33024,-61684
2020/03/27,外資及陸資,439177,365678,444742,363526,-5565,2152,270714,138651,246743,52133,23971,86518
2020/03/30,自營商,356438,48091,367314,46307,-10876,1784,383940,63880,379512,56392,4428,7488
2020/03/30,投信,189,357,1096,2088,-907,-1731,7206,9234,41137,72563,-33931,-63329
2020/03/30,外資及陸資,426688,306492,426754,306251,-66,241,285144,140039,261255,53344,23889,86695
2020/03/31,自營商,329920,38691,319218,38699,10702,-8,405133,64611,389849,57204,15284,7407
2020/03/31,投信,94,179,106,201,-12,-22,7131,9124,41074,72661,-33943,-63537
2020/03/31,外資及陸資,407433,249987,404589,247596,2844,2391,292894,144126,266161,54666,26733,89460
2020/04/01,自營商,372124,41040,384112,41163,-11988,-123,357011,62544,342997,55259,14014,7285
2020/04/01,投信,95,58,1373,2512,-1278,-2454,6803,8444,42024,74164,-35221,-65720
2020/04/01,外資及陸資,368713,215440,353567,209539,15146,5901,296352,147451,254446,52564,41906,94887
2020/04/06,自營商,333022,42088,340940,41384,-7918,704,385340,63283,379230,55628,6110,7655
2020/04/06,投信,1735,2230,54,103,1681,2127,6832,8736,40372,74161,-33540,-65425
2020/04/06,外資及陸資,368752,243800,379567,253190,-10815,-9390,291871,144597,260780,56329,31091,88268
2020/04/07,自營商,379469,41177,363631,42564,15838,-1387,414445,64157,392362,58028,22083,6129
2020/04/07,投信,2112,4215,98,196,2014,4019,6878,8981,38404,71543,-31526,-62562
2020/04/07,外資及陸資,335257,223030,334674,222125,583,905,297192,148517,265513,57474,31679,91043
2020/04/08,自營商,565742,60823,546861,56688,18881,4135,380333,66409,358325,56268,22008,10141
2020/04/08,投信,755,1394,213,182,542,1212,6986,9301,37970,71430,-30984,-62129
2020/04/08,外資及陸資,466285,257877,488107,269320,-21822,-11443,267612,148662,265406,67829,2206,80833
2020/04/09,自營商,269568,48906,264399,48432,5169,474,397773,71726,370610,61161,27163,10565
2020/04/09,投信,1027,2039,1720,3427,-693,-1388,6979,9250,38656,72625,-31677,-63375
2020/04/09,外資及陸資,337773,248763,341300,244956,-3527,3807,277175,155350,278496,70889,-1321,84461
2020/04/10,自營商,182164,36056,184473,37545,-2309,-1489,410535,75112,385714,66168,24821,8944
2020/04/10,投信,4042,7165,4223,7482,-181,-317,6974,9259,38832,73152,-31858,-63893
2020/04/10,外資及陸資,233328,168593,226565,164039,6763,4554,285529,158927,280192,69533,5337,89394
2020/04/13,自營商,230629,44272,226913,43219,3716,1053,422511,77598,394214,67660,28297,9938
2020/04/13,投信,21242,40532,24044,45760,-2802,-5228,6981,9172,41641,77846,-34660,-68674
2020/04/13,外資及陸資,221500,182260,229030,181176,-7530,1084,279015,150781,278814,60883,201,89898
2020/04/14,自營商,438059,66144,421279,63018,16780,3126,458786,78506,413630,65381,45156,13125
2020/04/14,投信,17616,29516,17084,28231,532,1285,6843,9120,40971,78595,-34128,-69475
2020/04/14,外資及陸資,338668,247702,339127,254074,-459,-6372,287871,155033,288171,68542,-300,86491
2020/04/15,自營商,478773,63612,457191,58559,21582,5053,284814,58612,268854,36151,15960,22461
2020/04/15,投信,1478,2931,705,1317,773,1614,6867,9218,40222,77496,-33355,-68278
2020/04/15,外資及陸資,363702,176834,374372,187710,-10670,-10876,180809,117358,156311,49242,24498,68116
2020/04/16,自營商,191177,31085,188861,32146,2316,-1061,307930,59164,289597,37777,18333,21387
2020/04/16,投信,43,87,498,1026,-455,-939,6862,9185,40672,78242,-33810,-69057
2020/04/16,外資及陸資,263761,192878,270636,192836,-6875,42,195604,123361,177981,55446,17623,67915
2020/04/17,自營商,361374,55805,343144,52438,18230,3367,339841,64099,303296,39014,36545,25085
2020/04/17,投信,1795,3794,418,885,1377,2909,6868,9434,39301,77361,-32433,-67927
2020/04/17,外資及陸資,385717,262784,401921,271766,-16204,-8982,194041,123315,192628,62362,1413,60953
2020/04/20,自營商,202075,29476,214463,26819,-12388,2657,345766,65755,321614,38141,24152,27614
2020/04/20,投信,1,1,521,1066,-520,-1065,6601,8824,39554,77247,-32953,-68423
2020/04/20,外資及陸資,246187,169966,260285,178808,-14098,-8842,196033,120837,208709,69348,-12676,51489
2020/04/21,自營商,443813,52085,448534,53076,-4721,-991,371393,68537,352021,42428,19372,26109
2020/04/21,投信,9,18,2833,5778,-2824,-5760,6529,8447,42305,80793,-35776,-72346
2020/04/21,外資及陸資,440635,304175,440955,286143,-320,18032,205757,135670,218753,67626,-12996,68044
2020/04/22,自營商,476155,40235,473759,42207,2396,-1972,331790,64123,293596,39942,38194,24181
2020/04/22,投信,577,1051,703,1306,-126,-255,6519,8453,42421,81224,-35902,-72771
2020/04/22,外資及陸資,442417,249388,449421,257561,-7004,-8173,204864,134406,220228,74537,-15364,59869
2020/04/23,自營商,245137,42356,247870,39937,-2733,2419,350337,66259,315246,39621,35091,26638
2020/04/23,投信,761,1567,19,39,742,1528,6544,8559,41704,80302,-35160,-71743
2020/04/23,外資及陸資,320395,253313,316114,248627,4281,4686,212657,137241,223740,72130,-11083,65111
2020/04/24,自營商,167058,22236,160831,24730,6227,-2494,361198,64787,319955,40702,41243,24085
2020/04/24,投信,426,875,29,59,397,816,6540,8528,41303,79287,-34763,-70759
2020/04/24,外資及陸資,269240,196177,266934,194414,2306,1763,221422,138717,230202,72020,-8780,66697
2020/04/27,自營商,292764,37246,289189,39705,3575,-2459,374515,64960,329966,42890,44549,22070
2020/04/27,投信,1934,4080,1073,234,861,3846,6485,8631,40387,77453,-33902,-68822
2020/04/27,外資及陸資,304192,203737,294504,205500,9688,-1763,239214,147462,238303,80576,911,66886
2020/04/28,自營商,252545,28437,247008,29158,5537,-721,387384,64076,337162,42694,50222,21382
2020/04/28,投信,216,398,230,487,-14,-89,6556,8752,40492,77944,-33936,-69192
2020/04/28,外資及陸資,279130,183136,281407,182638,-2277,498,237931,147109,242093,79436,-4162,67673
2020/04/29,自營商,434822,41528,398351,43193,36471,-1665,357732,64487,309751,44141,47981,20346
2020/04/29,投信,1234,2463,297,448,937,2015,6540,8824,39539,76827,-32999,-68003
2020/04/29,外資及陸資,321506,192249,319285,187303,2221,4946,233900,150569,235910,77019,-2010,73550
2020/04/30,自營商,229270,37721,223878,36073,5392,1648,380290,66683,327161,44357,53129,22326
2020/04/30,投信,1337,2892,457,965,880,1927,6453,8824,38572,76416,-32119,-67592
2020/04/30,外資及陸資,255643,186600,264077,189972,-8434,-3372,238240,151644,248696,79617,-10456,72027
2020/05/04,自營商,291341,42227,308966,44490,-17625,-2263,388940,65552,353214,45944,35726,19608
2020/05/04,投信,87,185,2751,5842,-2664,-5657,6355,8336,41138,79504,-34783,-71168
2020/05/04,外資及陸資,342259,246100,360354,251823,-18095,-5723,241721,142455,270275,78441,-28554,64014
2020/05/05,自營商,297913,39639,302482,39140,-4569,499,400961,66848,370159,46665,30802,20183
2020/05/05,投信,46,99,1262,2705,-1216,-2606,6384,8481,42383,82979,-35999,-74498
2020/05/05,外資及陸資,294805,190077,295083,189913,-278,164,241056,140747,266294,75794,-25238,64953
2020/05/06,自營商,403485,41629,405201,41185,-1716,444,368781,66646,332576,45880,36205,20766
2020/05/06,投信,1068,85,1869,3898,-801,-3813,6371,8488,43171,86999,-36800,-78511
2020/05/06,外資及陸資,355799,201568,349314,192120,6485,9448,240131,145491,254169,70903,-14038,74588
2020/05/07,自營商,206342,37387,200491,35535,5851,1852,389347,68173,347411,45486,41936,22687
2020/05/07,投信,87,188,294,637,-207,-449,6401,8618,43408,88189,-37007,-79571
2020/05/07,外資及陸資,247238,193400,255653,198266,-8415,-4866,246895,146897,269348,76542,-22453,70355
2020/05/08,自營商,189663,27204,188417,28043,1246,-839,397720,68114,354476,46227,43244,21887
2020/05/08,投信,239,521,310,676,-71,-155,6402,8669,43480,88837,-37078,-80168
2020/05/08,外資及陸資,242195,180668,246593,182847,-4398,-2179,253064,149434,279915,80763,-26851,68671
2020/05/11,自營商,242096,29661,233681,30742,8415,-1081,416245,68874,364574,47970,51671,20904
2020/05/11,投信,1165,2529,512,1092,653,1437,6410,8755,42835,88142,-36425,-79387
2020/05/11,外資及陸資,242466,157998,237746,158613,4720,-615,269699,152801,291827,84151,-22128,68650
2020/05/12,自營商,328831,41333,344245,40426,-15414,907,417925,68498,381527,46891,36398,21607
2020/05/12,投信,639,1375,1786,3812,-1147,-2437,6311,8500,43883,89474,-37572,-80974
2020/05/12,外資及陸資,304014,182227,307012,180306,-2998,1921,275361,154400,300487,84530,-25126,69870
2020/05/13,自營商,357196,33561,341597,33786,15599,-225,386277,68395,339529,46852,46748,21543
2020/05/13,投信,919,1868,1150,2281,-231,-413,6311,8535,44114,90288,-37803,-81753
2020/05/13,外資及陸資,309381,179195,306390,169990,2991,9205,267928,161881,290735,82480,-22807,79401
2020/05/14,自營商,249692,42560,257176,44102,-7484,-1542,394655,66664,355476,46894,39179,19770
2020/05/14,投信,1718,3713,3925,8422,-2207,-4709,6282,8349,46292,93574,-40010,-85225
2020/05/14,外資及陸資,301290,234320,313410,242352,-12120,-8032,274044,157649,305368,87350,-31324,70299
2020/05/15,自營商,306517,46940,305963,46896,554,44,413605,66191,373700,46306,39905,19885
2020/05/15,投信,9213,18580,8722,17426,491,1154,6281,8396,45798,93027,-39517,-84631
2020/05/15,外資及陸資,382301,284837,366846,274812,15455,10025,280926,163398,296795,82513,-15869,80885
2020/05/18,自營商,278327,50186,299180,48894,-20853,1292,419222,65429,399324,44298,19898,21131
2020/05/18,投信,21566,43043,21781,43875,-215,-832,6753,8719,46485,93737,-39732,-85018
2020/05/18,外資及陸資,382952,286934,404918,302815,-21966,-15881,278655,161558,315259,96959,-36604,64599
2020/05/19,自營商,433286,61678,417483,64509,15803,-2831,425159,63730,389189,45277,35970,18453
2020/05/19,投信,16665,29510,14826,25427,1839,4083,6758,8812,44652,90564,-37894,-81752
2020/05/19,外資及陸資,380318,280114,370340,273859,9978,6255,282847,160407,309473,88899,-26626,71508
2020/05/20,自營商,380603,53172,386229,50709,-5626,2463,277268,53836,259959,30946,17309,22890
2020/05/20,投信,364,564,546,960,-182,-396,6475,8599,43636,88815,-37161,-80216
2020/05/20,外資及陸資,352172,194009,349333,193585,2839,424,171619,128487,179862,59111,-8243,69376
2020/05/21,自營商,211612,35513,207879,32651,3733,2862,307761,58293,286632,32420,21129,25873
2020/05/21,投信,1530,3354,343,499,1187,2855,6315,8569,42289,86693,-35974,-78124
2020/05/21,外資及陸資,265341,186250,252444,188097,12897,-1847,200674,134878,196020,66607,4654,68271
2020/05/22,自營商,280088,39193,295231,38181,-15143,1012,319245,61013,313211,34473,6034,26540
2020/05/22,投信,22,47,1611,3461,-1589,-3414,6325,8426,43888,88473,-37563,-80047
2020/05/22,外資及陸資,281411,223977,315499,233421,-34088,-9444,197721,130739,227143,73096,-29422,57643
2020/05/25,自營商,327985,32387,325080,35241,2905,-2854,336466,58611,327614,34774,8852,23837
2020/05/25,投信,2521,5459,18,39,2503,5420,6336,8505,41396,83709,-35060,-75204
2020/05/25,外資及陸資,316644,210266,313069,207872,3575,2394,207244,128505,233091,67960,-25847,60545
2020/05/26,自營商,344280,34888,327601,36395,16679,-1507,352925,59073,327452,36520,25473,22553
2020/05/26,投信,1239,2721,162,356,1077,2365,6378,8723,40361,82694,-33983,-73971
2020/05/26,外資及陸資,258786,153310,240505,146283,18281,7027,223877,139041,231461,70335,-7584,68706
2020/05/27,自營商,350925,31183,351943,31301,-1018,-118,312536,59041,296791,36522,15745,22519
2020/05/27,投信,65,24,257,446,-192,-422,6386,8730,40561,83049,-34175,-74319
2020/05/27,外資及陸資,291145,168497,294819,169457,-3674,-960,218988,136471,226371,68942,-7383,67529
2020/05/28,自營商,257521,32290,255725,32573,1796,-283,334708,58912,317175,36768,17533,22144
2020/05/28,投信,25,55,1449,943,-1424,-888,6367,8643,41966,83424,-35599,-74781
2020/05/28,外資及陸資,294194,231222,298437,231260,-4243,-38,224920,137401,236546,70244,-11626,67157
2020/05/29,自營商,226073,32022,231731,31783,-5658,239,347207,60516,335343,38146,11864,22370
2020/05/29,投信,34,74,84,100,-50,-26,6309,8605,41958,83468,-35649,-74863
2020/05/29,外資及陸資,280490,202785,267695,196509,12795,6276,237462,142530,236293,69017,1169,73513
2020/06/01,自營商,273761,38519,262394,41956,11367,-3437,361060,61247,337951,42196,23109,19051
2020/06/01,投信,1255,2661,220,487,1035,2174,6410,8825,41024,82455,-34614,-73630
2020/06/01,外資及陸資,275568,195758,271813,192678,3755,3080,246985,149660,246861,72079,124,77581
2020/06/02,自營商,270347,29384,269017,28874,1330,510,379416,62127,355022,42506,24394,19621
2020/06/02,投信,248,551,39,77,209,474,6400,8854,40805,82343,-34405,-73489
2020/06/02,外資及陸資,250603,153755,252134,152529,-1531,1226,247788,148416,249210,69287,-1422,79129
2020/06/03,自營商,447385,41487,417950,43681,29435,-2194,335589,63565,324619,46020,10970,17545
2020/06/03,投信,812,1707,181,286,631,1421,6327,8825,40101,82064,-33774,-73239
2020/06/03,外資及陸資,324604,189831,311063,182328,13541,7503,252428,158159,234900,69984,17528,88175
2020/06/04,自營商,235971,35498,241987,36587,-6016,-1089,347326,63322,342437,46772,4889,16550
2020/06/04,投信,392,891,0,0,392,891,6351,8936,39733,81778,-33382,-72842
2020/06/04,外資及陸資,277871,206917,280116,212477,-2245,-5560,255631,151352,240375,68089,15256,83263
2020/06/05,自營商,215189,30290,211402,29540,3787,750,363865,64987,355206,47552,8659,17435
2020/06/05,投信,1352,3028,19,39,1333,2989,6373,9062,38422,79551,-32049,-70489
2020/06/05,外資及陸資,237647,169907,233435,167961,4212,1946,267227,159987,247759,73985,19468,86002
2020/06/08,自營商,374291,44110,377284,46905,-2993,-2795,386277,64799,380830,50024,5447,14775
2020/06/08,投信,988,2226,367,819,621,1407,6347,9087,37775,78875,-31428,-69788
2020/06/08,外資及陸資,331043,222590,327442,230743,3601,-8153,277951,157451,254882,78656,23069,78795
2020/06/09,自營商,285213,36136,287780,34759,-2567,1377,395473,66618,392630,50448,2843,16170
2020/06/09,投信,28,37,1056,2437,-1028,-2400,6321,9058,38777,81461,-32456,-72403
2020/06/09,外資及陸資,268103,176930,262778,171976,5325,4954,286002,166714,257620,82664,28382,84050
2020/06/10,自營商,399987,41661,380721,39530,19266,2131,350447,67872,348376,49395,2071,18477
2020/06/10,投信,338,639,840,1710,-502,-1071,6332,9146,39290,83235,-32958,-74089
2020/06/10,外資及陸資,293596,177486,299184,182366,-5588,-4880,277809,167420,256750,87474,21059,79946
2020/06/11,自營商,311655,49793,314070,50835,-2415,-1042,356470,62023,356856,44800,-386,17223
2020/06/11,投信,64,150,3484,7912,-3420,-7762,6238,8869,42616,89370,-36378,-80501
2020/06/11,外資及陸資,333492,259555,346254,254496,-12762,5059,283277,170216,274977,86715,8300,83501
2020/06/12,自營商,289301,48949,306421,47502,-17120,1447,362013,60756,379466,42244,-17453,18512
2020/06/12,投信,9352,17634,9783,20691,-431,-3057,6250,8758,43059,91612,-36809,-82854
2020/06/12,外資及陸資,384281,293558,396839,309456,-12558,-15898,289404,166161,293653,99329,-4249,66832
2020/06/15,自營商,353298,57275,347768,58218,5530,-943,378744,61447,390967,44125,-12223,17322
2020/06/15,投信,22789,46616,24570,49902,-1781,-3286,7709,9300,46299,94183,-38590,-84883
2020/06/15,外資及陸資,478771,394753,475779,387932,2992,6821,303021,164900,299625,92317,3396,72583
2020/06/16,自營商,421520,64810,395011,67842,26509,-3032,408680,61908,394134,47128,14546,14780
2020/06/16,投信,18128,34535,16942,31419,1186,3116,6287,8806,43691,92908,-37404,-84102
2020/06/16,外資及陸資,451687,353034,453759,355083,-2072,-2049,313639,176165,312342,103480,1297,72685
2020/06/17,自營商,477767,60639,466970,65616,10797,-4977,126219,45936,134278,29390,-8059,16546
2020/06/17,投信,850,1231,551,600,299,631,6540,9346,43645,93035,-37105,-83689
2020/06/17,外資及陸資,410471,264022,413872,263464,-3401,558,145507,144617,139830,80070,5677,64547
2020/06/18,自營商,215545,30461,213738,29615,1807,846,159888,49240,166225,31851,-6337,17389
2020/06/18,投信,80,179,88,193,-8,-14,6502,9290,43615,93250,-37113,-83960
2020/06/18,外資及陸資,260955,215518,267325,211887,-6370,3631,156918,147658,157638,79278,-720,68380
2020/06/19,自營商,178375,27393,182488,27900,-4113,-507,170090,51198,180780,34293,-10690,16905
2020/06/19,投信,146,333,124,283,22,50,6524,9355,43615,93364,-37091,-84009
2020/06/19,外資及陸資,236690,182193,245984,187196,-9294,-5003,160442,145015,170453,81606,-10011,63409
2020/06/22,自營商,281557,40092,268825,38251,12732,1841,200318,54219,198299,35455,2019,18764
2020/06/22,投信,427,923,373,852,54,71,6688,9687,43725,93715,-37037,-84028
2020/06/22,外資及陸資,263781,212377,274882,212786,-11101,-409,171523,156788,192623,93741,-21100,63047
2020/06/23,自營商,341761,39517,344133,39183,-2372,334,213211,56486,213794,37347,-583,19139
2020/06/23,投信,685,685,108,247,577,438,7230,10077,43690,93927,-36460,-83850
2020/06/23,外資及陸資,332929,247741,327376,244110,5553,3631,181711,161992,197261,95109,-15550,66883
2020/06/24,自營商,371379,33675,346234,35924,25145,-2249,167833,51166,171894,34142,-4061,17024
2020/06/24,投信,402,806,147,219,255,587,7165,9984,43370,93743,-36205,-83759
2020/06/24,外資及陸資,260209,165929,262668,164999,-2459,930,178032,166576,193380,98377,-15348,68199
2020/06/29,自營商,306140,46132,322552,42674,-16412,3458,194798,52074,215250,31848,-20452,20226
2020/06/29,投信,191,424,1444,3282,-1253,-2858,7288,10120,44746,95577,-37458,-85457
2020/06/29,外資及陸資,286916,242096,298677,249050,-11761,-6954,178308,157827,205414,97476,-27106,60351
2020/06/30,自營商,282024,33718,279797,32975,2227,743,198735,55436,217079,34318,-18344,21118
2020/06/30,投信,1139,2577,108,248,1031,2329,7406,10446,43833,94373,-36427,-83927
2020/06/30,外資及陸資,225713,161961,219379,161630,6334,331,186213,158142,203985,96830,-17772,61312
2020/07/01,自營商,419911,44273,387533,46875,32378,-2602,180697,54347,182230,35732,-1533,18615
2020/07/01,投信,302,531,145,217,157,314,7579,10872,43849,95028,-36270,-84156
2020/07/01,外資及陸資,270999,179871,263156,171128,7843,8743,192468,172762,199283,102403,-6815,70359
2020/07/02,自營商,244325,41444,240832,39996,3493,1448,213507,59378,211479,39049,2028,20329
2020/07/02,投信,908,2120,30,70,878,2050,7566,10985,42958,94187,-35392,-83202
2020/07/02,外資及陸資,233106,179975,226896,169374,6210,10601,211729,182007,212331,100065,-602,81942
2020/07/03,自營商,286420,39503,275953,42014,10467,-2511,235427,58788,222823,40703,12604,18085
2020/07/03,投信,734,1717,214,506,520,1211,7665,11335,42537,94313,-34872,-82978
2020/07/03,外資及陸資,273112,197691,268388,188014,4724,9677,214721,187026,215246,94427,-525,92599
2020/07/06,自營商,378987,43830,384872,46103,-5885,-2273,263400,60333,256750,44175,6650,16158
2020/07/06,投信,1612,3813,74,179,1538,3634,7769,11758,41103,92717,-33334,-80959
2020/07/06,外資及陸資,250787,169722,256911,184546,-6124,-14824,220058,187868,226599,108359,-6541,79509
2020/07/07,自營商,427497,58162,422568,56532,4929,1630,277998,59551,266266,41751,11732,17800
2020/07/07,投信,26,30,16,7,10,23,7778,11742,41102,92425,-33324,-80683
2020/07/07,外資及陸資,378387,248218,383394,248424,-5007,-206,223205,186202,234801,107218,-11596,78984
2020/07/08,自營商,443112,49730,415895,48177,27217,1553,200143,60147,203986,40729,-3843,19418
2020/07/08,投信,2112,4251,93,85,2019,4166,8094,11882,39399,89052,-31305,-77170
2020/07/08,外資及陸資,310769,200214,319156,205139,-8387,-4925,208819,185302,221666,110420,-12847,74882
2020/07/09,自營商,189841,43748,203510,40114,-13669,3634,213005,62353,230501,39279,-17496,23074
2020/07/09,投信,830,1949,57,70,773,1879,8092,11911,38624,87345,-30532,-75434
2020/07/09,外資及陸資,262007,209445,260456,210532,1551,-1087,216147,183178,227443,109203,-11296,73975
2020/07/10,自營商,279018,50740,281699,55567,-2681,-4827,229337,61525,249630,43396,-20293,18129
2020/07/10,投信,9110,19369,9664,21628,-554,-2259,8735,12148,39821,88888,-31086,-76740
2020/07/10,外資及陸資,336510,278338,328732,265434,7778,12904,226234,188683,229752,102715,-3518,85968
2020/07/13,自營商,264430,48381,256262,43832,8168,4549,252073,67723,264076,44647,-12003,23076
2020/07/13,投信,22300,50773,21557,48404,743,2369,8818,12472,39161,88190,-30343,-75718
2020/07/13,外資及陸資,314691,260176,325232,273752,-10541,-13576,222845,179721,236925,106039,-14080,73682
2020/07/14,自營商,343318,75788,351755,73072,-8437,2716,270931,71377,291328,45481,-20397,25896
2020/07/14,投信,16261,31017,16283,30840,-22,177,9004,12821,39369,88362,-30365,-75541
2020/07/14,外資及陸資,434833,349033,444992,355140,-10159,-6107,224475,176578,245714,109047,-21239,67531
2020/07/15,自營商,484750,67229,455063,69684,29687,-2455,142119,51276,161316,35198,-19197,16078
2020/07/15,投信,1367,970,307,578,1060,392,10101,13351,39406,88851,-29305,-75500
2020/07/15,外資及陸資,480949,264021,477806,268346,3143,-4325,128532,146482,140915,89640,-12383,56842
2020/07/16,自營商,219367,40391,241729,36670,-22362,3721,160224,55615,201568,35887,-41344,19728
2020/07/16,投信,209,485,1266,3042,-1057,-2557,10281,13679,40643,91405,-30362,-77726
2020/07/16,外資及陸資,278862,237722,284369,244068,-5507,-6346,138936,144602,156868,94293,-17932,50309
2020/07/17,自營商,244396,35711,229860,37244,14536,-1533,185311,58017,212036,39713,-26725,18304
2020/07/17,投信,282,674,16,9,266,665,10528,14318,40628,91467,-30100,-77149
2020/07/17,外資及陸資,270551,219267,267022,213147,3529,6120,147907,149237,162316,92810,-14409,56427
2020/07/20,自營商,242874,35991,251052,31909,-8178,4082,199578,61659,234427,39300,-34849,22359
2020/07/20,投信,77,123,365,869,-288,-746,10240,13577,40628,91421,-30388,-77844
2020/07/20,外資及陸資,290118,204960,290290,203549,-172,1411,155469,152236,170065,94404,-14596,57832
2020/07/21,自營商,426214,53546,407779,52599,18435,947,230686,66853,246972,42977,-16286,23876
2020/07/21,投信,1290,3169,714,1020,576,2149,10135,13598,39947,90943,-29812,-77345
2020/07/21,外資及陸資,339528,205704,335053,207228,4475,-1524,172621,167478,182739,110075,-10118,57403
2020/07/22,自營商,412764,45187,407002,48799,5762,-3612,170223,60202,199989,39792,-29766,20410
2020/07/22,投信,530,1185,693,1585,-163,-400,10403,14301,40378,92321,-29975,-78020
2020/07/22,外資及陸資,361151,193167,377077,200275,-15926,-7108,156911,167948,186185,117610,-29274,50338
2020/07/23,自營商,219780,49211,245275,41498,-25495,7713,187954,66970,243129,38840,-55175,28130
2020/07/23,投信,15,35,1273,3127,-1258,-3092,10413,14281,41646,95107,-31233,-80826
2020/07/23,外資及陸資,261835,221796,275657,231739,-13822,-9943,158847,160788,198184,120612,-39337,40176
2020/07/24,自營商,344106,61935,337611,64359,6495,-2424,203516,68061,252222,42397,-48706,25664
2020/07/24,投信,118,287,1496,3637,-1378,-3350,10403,14089,43014,97387,-32611,-83298
2020/07/24,外資及陸資,417024,313379,420211,303911,-3187,9468,164391,163664,206915,114563,-42524,49101
2020/07/27,自營商,375234,62144,348696,62340,26538,-196,235810,70915,257751,44414,-21941,26501
2020/07/27,投信,1221,2821,87,217,1134,2604,10547,14636,42024,97781,-31477,-83145
2020/07/27,外資及陸資,445930,338305,435286,324259,10644,14046,169543,170732,204423,106319,-34880,64413
2020/07/28,自營商,694685,99013,701243,103353,-6558,-4340,253339,69881,281706,47720,-28367,22161
2020/07/28,投信,120,292,835,2058,-715,-1766,10611,14767,42803,99393,-32192,-84626
2020/07/28,外資及陸資,710678,486628,715279,495647,-4601,-9019,176479,166517,212980,111206,-36501,55311
2020/07/29,自營商,533750,57857,548352,60343,-14602,-2486,195555,66696,212674,47057,-17119,19639
2020/07/29,投信,47,0,1306,3100,-1259,-3100,10532,14561,43983,102038,-33451,-87477
2020/07/29,外資及陸資,539612,303944,545066,305640,-5454,-1696,169006,172708,207135,119015,-38129,53693
2020/07/30,自營商,216290,43736,223593,41057,-7303,2679,220961,70482,245401,47756,-24440,22726
2020/07/30,投信,109,250,52,114,57,136,10546,14786,43940,103364,-33394,-88578
2020/07/30,外資及陸資,339628,273635,328045,263811,11583,9824,182710,179202,209259,114919,-26549,64283
2020/07/31,自營商,224672,42451,229499,43683,-4827,-1232,229467,70950,258715,49564,-29248,21386
2020/07/31,投信,527,1245,524,291,3,954,10582,14799,43973,102279,-33391,-87480
2020/07/31,外資及陸資,354280,291142,366516,300335,-12236,-9193,184012,179108,222797,124192,-38785,54916
2020/08/03,自營商,257164,46702,288190,40933,-31026,5769,235728,76329,295969,49521,-60241,26808
2020/08/03,投信,15,15,1342,3328,-1327,-3313,10584,14641,45302,104470,-34718,-89829
2020/08/03,外資及陸資,375333,279794,393615,294779,-18282,-14985,188236,171966,241103,132432,-52867,39534
2020/08/04,自營商,340071,43296,317942,44247,22129,-951,247820,78320,285964,52009,-38144,26311
2020/08/04,投信,1150,2841,47,101,1103,2740,10753,15239,44368,103692,-33615,-88453
2020/08/04,外資及陸資,348108,236175,327940,215165,20168,21010,198573,183230,231272,122057,-32699,61173
2020/08/05,自營商,398833,42447,377808,46092,21025,-3645,212193,73260,240568,50220,-28375,23040
2020/08/05,投信,487,1068,113,168,374,900,10728,15264,43969,103605,-33241,-88341
2020/08/05,外資及陸資,325369,202008,319681,199449,5688,2559,193996,189396,221050,125121,-27054,64275
2020/08/06,自營商,273807,51084,276605,50239,-2798,845,245316,77650,276463,53508,-31147,24142
2020/08/06,投信,135,236,97,181,38,55,10706,15282,43909,104234,-33203,-88952
2020/08/06,外資及陸資,329211,268869,333220,268437,-4009,432,204346,190702,235409,125566,-31063,65136
2020/08/07,自營商,202695,38030,215513,36902,-12818,1128,259289,81055,303259,55911,-43970,25144
2020/08/07,投信,15,38,381,972,-366,-934,10689,15141,44258,104492,-33569,-89351
2020/08/07,外資及陸資,298731,232776,309221,234611,-10490,-1835,205198,185769,246751,122623,-41553,63146
2020/08/10,自營商,257469,36469,244495,38828,12974,-2359,280828,79528,311892,56437,-31064,23091
2020/08/10,投信,641,1539,113,224,528,1315,10637,15077,43678,103787,-33041,-88710
2020/08/10,外資及陸資,289870,217906,296141,224285,-6271,-6379,201737,182891,249561,125600,-47824,57291
2020/08/11,自營商,311489,45258,317255,47464,-5766,-2206,290086,79657,326922,58962,-36836,20695
2020/08/11,投信,26,34,606,1510,-580,-1476,10633,14929,44254,104286,-33621,-89357
2020/08/11,外資及陸資,288559,201884,301026,208407,-12467,-6523,197249,176057,257540,125649,-60291,50408
2020/08/12,自營商,463692,69126,506529,66653,-42837,2473,230017,74420,265770,51506,-35753,22914
2020/08/12,投信,105,46,583,1250,-478,-1204,10553,14626,44652,104619,-34099,-89993
2020/08/12,外資及陸資,426568,260362,426790,256749,-222,3613,190890,168846,238975,115034,-48085,53812
2020/08/13,自營商,208811,39072,201787,38554,7024,518,238476,74466,265378,50764,-26902,23702
2020/08/13,投信,4858,12247,3993,10077,865,2170,10437,14349,43671,102682,-33234,-88333
2020/08/13,外資及陸資,273657,225247,272691,224928,966,319,200371,170183,247067,115746,-46696,54437
2020/08/14,自營商,212240,40141,208498,36141,3742,4000,255311,77129,280427,49374,-25116,27755
2020/08/14,投信,7796,18457,6781,15814,1015,2643,10419,14366,42638,100491,-32219,-86125
2020/08/14,外資及陸資,290158,228453,285340,226059,4818,2394,207199,171515,249077,114429,-41878,57086
2020/08/17,自營商,289945,57562,268046,60385,21899,-2823,276830,84073,280012,58696,-3182,25377
2020/08/17,投信,21518,52261,20683,49908,835,2353,10438,14595,41822,99478,-31384,-84883
2020/08/17,外資及陸資,303329,276031,302863,270563,466,5468,206741,178467,250853,115218,-44112,63249
2020/08/18,自營商,341088,84364,362602,81551,-21514,2813,281823,80575,306660,52455,-24837,28120
2020/08/18,投信,17254,35782,17468,36364,-214,-582,10500,14533,42098,99539,-31598,-85006
2020/08/18,外資及陸資,344683,307762,359282,319649,-14599,-11887,199749,167478,256960,116162,-57211,51316
2020/08/19,自營商,455975,80494,457641,80375,-1666,119,154975,65033,173596,36230,-18621,28803
2020/08/19,投信,673,1612,1005,2452,-332,-840,8290,14370,41856,100052,-33566,-85682
2020/08/19,外資及陸資,343981,233129,350885,243381,-6904,-10252,119305,139560,154586,100190,-35281,39370
2020/08/20,自營商,379007,83017,414796,77014,-35789,6003,182957,71373,237328,37453,-54371,33920
2020/08/20,投信,67,163,3806,9239,-3739,-9076,8308,13916,45613,105645,-37305,-91729
2020/08/20,外資及陸資,477437,413740,483997,422076,-6560,-8336,140563,141481,178813,111333,-38250,30148
2020/08/21,自營商,278273,45264,249945,48281,28328,-3017,209132,70840,235026,39241,-25894,31599
2020/08/21,投信,1564,3925,160,388,1404,3537,8365,14352,44266,104439,-35901,-90087
2020/08/21,外資及陸資,372903,294020,342326,269195,30577,24825,164750,151021,172450,95286,-7700,55735
2020/08/24,自營商,240648,39985,226472,42161,14176,-2176,219753,71211,231386,41699,-11633,29512
2020/08/24,投信,271,661,1602,476,-1331,185,8235,14103,45467,104377,-37232,-90274
2020/08/24,外資及陸資,312977,221092,313227,216935,-250,4157,171748,153118,179780,92973,-8032,60145
2020/08/25,自營商,338149,44420,321531,46569,16618,-2149,260142,72299,255174,44642,4968,27657
2020/08/25,投信,745,1896,1200,3,-455,1893,8316,14451,46003,103776,-37687,-89325
2020/08/25,外資及陸資,301874,211151,304469,211312,-2595,-161,176060,160390,186732,99776,-10672,60614
2020/08/26,自營商,354480,36952,345643,37107,8837,-155,184240,68899,188333,41337,-4093,27562
2020/08/26,投信,268,583,154,144,114,439,8202,14368,45775,103677,-37573,-89309
2020/08/26,外資及陸資,252300,165154,247183,159756,5117,5398,160330,162855,170503,96470,-10173,66385
2020/08/27,自營商,237269,43428,244602,43372,-7333,56,204994,69725,216491,42183,-11497,27542
2020/08/27,投信,318,818,13,33,305,785,8192,14310,45460,102584,-37268,-88274
2020/08/27,外資及陸資,279728,224436,277812,224291,1916,145,169442,162751,177699,96379,-8257,66372
2020/08/28,自營商,227866,47276,248888,42885,-21022,4391,203953,72516,236382,40754,-32429,31762
2020/08/28,投信,9,23,1415,3560,-1406,-3537,8157,14179,46831,105488,-38674,-91309
2020/08/28,外資及陸資,322933,272939,334795,283587,-11862,-10648,168606,156658,185362,101235,-16756,55423
2020/08/31,自營商,309709,42037,325198,44446,-15489,-2409,220222,72356,267958,43237,-47736,29119
2020/08/31,投信,329,784,396,989,-67,-205,8457,14778,47198,105568,-38741,-90790
2020/08/31,外資及陸資,375154,260688,384664,269404,-9510,-8716,168914,157167,195237,110750,-26323,46417
2020/09/01,自營商,348616,45053,332036,44103,16580,950,243172,70544,274209,40228,-31037,30316
2020/09/01,投信,435,1104,92,232,343,872,8408,14781,46806,105419,-38398,-90638
2020/09/01,外資及陸資,364970,244638,371981,241568,-7011,3070,174521,162449,207855,112685,-33334,49764
2020/09/02,自營商,407472,50825,425928,49831,-18456,994,193044,69718,230440,38469,-37396,31249
2020/09/02,投信,71,46,405,383,-334,-337,8228,14433,46960,105418,-38732,-90985
2020/09/02,外資及陸資,346071,232895,349321,230960,-3250,1935,164167,159013,194658,107327,-30491,51686
2020/09/03,自營商,268816,45155,260841,47526,7975,-2371,222038,69315,251468,40324,-29430,28991
2020/09/03,投信,372,948,69,176,303,772,8190,14381,46619,104914,-38429,-90533
2020/09/03,外資及陸資,330534,263787,322583,259444,7951,4343,184386,167899,206983,111747,-22597,56152
2020/09/04,自營商,236509,55410,242287,56406,-5778,-996,233362,70359,268799,42661,-35437,27698
2020/09/04,投信,9,23,131,330,-122,-307,8147,14130,46698,104068,-38551,-89938
2020/09/04,外資及陸資,426286,324234,437350,325116,-11064,-882,187531,166241,221336,111480,-33805,54761
2020/09/07,自營商,325986,57190,319482,60575,6504,-3385,245449,69756,274525,45439,-29076,24317
2020/09/07,投信,0,0,326,804,-326,-804,8104,13996,46981,104550,-38877,-90554
2020/09/07,外資及陸資,450445,336970,450544,334380,-99,2590,191049,164390,224953,107047,-33904,57343
2020/09/08,自營商,271710,42860,261537,43034,10173,-174,264764,70531,285442,46204,-20678,24327
2020/09/08,投信,127,283,141,356,-14,-73,8103,14055,46994,105313,-38891,-91258
2020/09/08,外資及陸資,281965,199947,276038,192822,5927,7125,200550,177000,228527,112109,-27977,64891
2020/09/09,自營商,516211,83963,552647,81809,-36436,2154,209750,73359,255040,46913,-45290,26446
2020/09/09,投信,44,80,1832,4564,-1788,-4484,8061,13876,48740,109125,-40679,-95249
2020/09/09,外資及陸資,537232,335281,543020,345134,-5788,-9853,195357,179562,215780,124922,-20423,54640
2020/09/10,自營商,204776,46885,184969,47737,19807,-852,232506,76645,258144,50825,-25638,25820
2020/09/10,投信,3308,8379,3334,8404,-26,-25,8076,14023,48781,110060,-40705,-96037
2020/09/10,外資及陸資,295142,235953,282426,224098,12716,11855,205672,187765,213379,120823,-7707,66942
2020/09/11,自營商,221066,52889,234332,48302,-13266,4587,244722,79514,284028,49142,-39306,30372
2020/09/11,投信,9805,23275,9831,23244,-26,31,8077,13989,48808,109734,-40731,-95745
2020/09/11,外資及陸資,344041,267730,359203,277959,-15162,-10229,209078,186988,231896,130469,-22818,56519
2020/09/14,自營商,275071,68098,260953,65525,14118,2573,256789,92486,282146,59255,-25357,33231
2020/09/14,投信,23376,56506,22551,54179,825,2327,8319,14707,48225,109034,-39906,-94327
2020/09/14,外資及陸資,334481,291318,322501,288488,11980,2830,222833,195042,233650,135248,-10817,59794
2020/09/15,自營商,268177,71691,266759,68607,1418,3084,259488,84450,282066,47936,-22578,36514
2020/09/15,投信,18225,38415,17619,36743,606,1672,8795,15979,48095,109107,-39300,-93128
2020/09/15,外資及陸資,339263,274335,338659,275727,604,-1392,227719,205967,237938,147304,-10219,58663
2020/09/16,自營商,425217,90417,394211,88701,31006,1716,144060,72582,149921,32913,-5861,39669
2020/09/16,投信,1743,4328,537,1354,1206,2974,10348,20134,45647,111185,-35299,-91051
2020/09/16,外資及陸資,400419,254807,397721,239629,2698,15178,122943,170200,136109,102177,-13166,68023
2020/09/17,自營商,201311,41668,228733,34801,-27422,6867,168566,78552,201818,32347,-33252,46205
2020/09/17,投信,927,2374,1886,2054,-959,320,11265,22337,47523,112437,-36258,-90100
2020/09/17,外資及陸資,227893,210365,255567,243552,-27674,-33187,123726,157885,164566,123346,-40840,34539
2020/09/18,自營商,166285,32087,166246,31498,39,589,184736,80620,217899,33771,-33163,46849
2020/09/18,投信,400,1026,403,1034,-3,-8,11209,22229,47470,112454,-36261,-90225
2020/09/18,外資及陸資,245152,210574,255215,217237,-10063,-6663,129275,159461,180178,131507,-50903,27954
2020/09/21,自營商,280747,50492,291628,45738,-10881,4754,195668,85390,239585,34432,-43917,50958
2020/09/21,投信,311,789,1747,4426,-1436,-3637,11362,22316,49059,114955,-37697,-92639
2020/09/21,外資及陸資,313904,257589,342120,283957,-28216,-26368,134174,154612,202235,153082,-68061,1530
2020/09/22,自營商,396794,55596,399727,52438,-2933,3158,219782,87728,266503,34223,-46721,53505
2020/09/22,投信,275,684,2234,5146,-1959,-4462,11586,22608,51242,118612,-39656,-96004
2020/09/22,外資及陸資,442196,309173,459988,314508,-17792,-5335,137779,154878,221262,158690,-83483,-3812
2020/09/23,自營商,448769,43626,451859,48169,-3090,-4543,175680,84525,180915,35308,-5235,49217
2020/09/23,投信,705,490,1997,1726,-1292,-1236,11757,23075,52705,120457,-40948,-97382
2020/09/23,外資及陸資,362878,243766,366269,235941,-3391,7825,129243,149528,202435,145570,-73192,3958
2020/09/24,自營商,316210,52649,328939,51011,-12729,1638,196179,86120,214285,36593,-18106,49527
2020/09/24,投信,716,1447,2728,6215,-2012,-4768,12060,23182,55020,122632,-42960,-99450
2020/09/24,外資及陸資,359937,331420,365691,329007,-5754,2413,133448,144881,212439,138435,-78991,6446
2020/09/25,自營商,277873,42478,281135,45152,-3262,-2674,213027,84072,234397,37132,-21370,46940
2020/09/25,投信,608,265,1239,223,-631,42,12108,23330,55699,122869,-43591,-99539
2020/09/25,外資及陸資,423111,338311,395471,313286,27640,25025,148790,153215,200141,121580,-51351,31635
2020/09/28,自營商,260511,32687,244054,33791,16457,-1104,232073,85508,236985,38787,-4912,46721
2020/09/28,投信,2566,6371,44,107,2522,6264,12461,24620,53530,119690,-41069,-95070
2020/09/28,外資及陸資,274686,202852,269271,205510,5415,-2658,161218,158653,203830,129250,-42612,29403
2020/09/29,自營商,301884,32192,297260,34963,4624,-2771,252357,87395,252699,43407,-342,43988
2020/09/29,投信,410,1007,12,30,398,977,12486,24681,53157,118820,-40671,-94139
2020/09/29,外資及陸資,308546,204868,308384,197759,162,7109,165123,163516,207573,127018,-42450,36498
2020/09/30,自營商,388757,38064,366221,42227,22536,-4163,206637,79900,190390,39721,16247,40179
2020/09/30,投信,792,1951,13,7,779,1944,12505,24829,52397,117425,-39892,-92596
2020/09/30,外資及陸資,340561,217442,327158,201429,13403,16013,158395,174404,194153,121844,-35758,52560
2020/10/05,自營商,225901,31288,234914,28710,-9013,2578,228996,83729,221626,40834,7370,42895
2020/10/05,投信,52,130,13,33,39,97,12506,24940,52359,117846,-39853,-92906
2020/10/05,外資及陸資,237660,193237,246910,204845,-9250,-11608,156765,167974,201758,126751,-44993,41223
2020/10/06,自營商,319390,41808,304320,42519,15070,-711,256726,86332,234293,43699,22433,42633
2020/10/06,投信,1215,3079,0,0,1215,3079,12580,25420,51218,116346,-38638,-90926
2020/10/06,外資及陸資,253477,183866,247956,182016,5521,1850,169001,178100,208464,134414,-39463,43686
2020/10/07,自營商,370822,42021,344708,41367,26114,654,211852,84369,190254,40540,21598,43829
2020/10/07,投信,726,1826,10,0,716,1826,12619,25675,50541,115324,-37922,-89649
2020/10/07,外資及陸資,301044,196931,293388,188101,7656,8830,160274,183872,198142,131132,-37868,52740
2020/10/08,自營商,238267,35374,241022,36175,-2755,-801,235672,87248,216790,43683,18882,43565
2020/10/08,投信,759,1954,0,0,759,1954,12675,26062,49838,114609,-37163,-88547
2020/10/08,外資及陸資,240223,193159,232300,192053,7923,1106,180138,191261,210083,137173,-29945,54088
2020/10/12,自營商,328270,43303,328342,42184,-72,1119,253103,90698,234404,45715,18699,44983
2020/10/12,投信,553,1426,211,543,342,883,12793,26481,49614,114477,-36821,-87996
2020/10/12,外資及陸資,297900,215941,306470,217245,-8570,-1304,180835,190472,219349,137544,-38514,52928
2020/10/13,自營商,303004,40070,321649,38473,-18645,1597,264419,94192,264438,47672,-19,46520
2020/10/13,投信,8,21,625,1614,-617,-1593,12778,26435,50216,115981,-37438,-89546
2020/10/13,外資及陸資,275126,195379,271902,189508,3224,5871,189172,197029,224507,138299,-35335,58730
2020/10/14,自營商,336511,37219,342759,39623,-6248,-2404,225417,91889,215228,47874,10189,44015
2020/10/14,投信,52,108,1347,3448,-1295,-3340,12699,26176,51432,118879,-38733,-92703
2020/10/14,外資及陸資,284846,178981,290354,183625,-5508,-4644,171561,194274,220870,140158,-49309,54116
2020/10/15,自營商,257369,53047,270199,45278,-12830,7769,239178,98951,242753,47330,-3575,51621
2020/10/15,投信,2574,6575,3719,9489,-1145,-2914,12649,25936,52527,121191,-39878,-95255
2020/10/15,外資及陸資,272232,244948,274745,246076,-2513,-1128,179513,193164,231365,140457,-51852,52707
2020/10/16,自營商,248845,45532,250134,47812,-1289,-2280,245676,98895,252308,49938,-6632,48957
2020/10/16,投信,6112,13982,7060,16317,-948,-2335,12614,25667,53440,122572,-40826,-96905
2020/10/16,外資及陸資,298840,255395,304878,262262,-6038,-6867,178297,180661,236187,135023,-57890,45638
2020/10/19,自營商,264882,57561,251831,57154,13051,407,254419,101837,248303,51862,6116,49975
2020/10/19,投信,29924,73276,29106,70962,818,2314,12701,26098,52709,121849,-40008,-95751
2020/10/19,外資及陸資,310296,282097,305304,281125,4992,972,190781,193427,243688,146426,-52907,47001
2020/10/20,自營商,222880,58433,243924,54081,-21044,4352,264417,107497,279380,53387,-14963,54110
2020/10/20,投信,24490,54518,24575,54517,-85,1,12692,25943,52785,121324,-40093,-95381
2020/10/20,外資及陸資,300438,269101,307581,278717,-7143,-9616,193977,192256,253919,154975,-59942,37281
2020/10/21,自營商,356316,65449,333321,70832,22995,-5383,164981,87362,138497,35488,26484,51874
2020/10/21,投信,432,946,986,2495,-554,-1549,12847,26395,51135,123528,-38288,-97133
2020/10/21,外資及陸資,307864,194840,308108,187938,-244,6902,132645,159196,190849,115364,-58204,43832
2020/10/22,自營商,208627,35821,204100,34286,4527,1535,204792,89889,173834,36349,30958,53540
2020/10/22,投信,108,277,1419,54,-1311,223,12953,26722,52552,123848,-39599,-97126
2020/10/22,外資及陸資,239902,205644,232669,193682,7233,11962,153403,175576,204374,119758,-50971,55818
2020/10/23,自營商,182952,27767,191797,26912,-8845,855,215054,91179,192825,36874,22229,54305
2020/10/23,投信,115,295,153,393,-38,-98,12936,26675,52573,123909,-39637,-97234
2020/10/23,外資及陸資,209529,162002,224499,172607,-14970,-10605,150616,167155,216557,121826,-65941,45329
2020/10/26,自營商,220274,34258,209242,39158,11032,-4900,234835,88387,201563,38957,33272,49430
2020/10/26,投信,450,1158,540,1390,-90,-232,13162,27289,52889,124923,-39727,-97634
2020/10/26,外資及陸資,235275,171844,228127,162472,7148,9372,169120,182645,227913,127768,-58793,54877
2020/10/27,自營商,218087,37408,234743,33892,-16656,3516,237838,92213,221191,39460,16647,52753
2020/10/27,投信,83,213,2364,6056,-2281,-5843,11906,23961,53914,127040,-42008,-103079
2020/10/27,外資及陸資,241773,172149,254316,181751,-12543,-9602,167787,178045,235772,133086,-67985,44959
2020/10/28,自營商,276982,39781,304398,40175,-27416,-394,197412,90370,173216,38374,24196,51996
2020/10/28,投信,21,28,1350,3414,-1329,-3386,11857,23715,55194,129657,-43337,-105942
2020/10/28,外資及陸資,240829,155764,242608,156002,-1779,-238,159362,179280,234644,134599,-75282,44681
2020/10/29,自營商,221008,46637,224403,45726,-3395,911,226647,90951,205916,38631,20731,52320
2020/10/29,投信,118,296,1085,2736,-967,-2440,11849,23442,56153,130647,-44304,-107205
2020/10/29,外資及陸資,338037,284298,352057,300445,-14020,-16147,167223,173084,252610,145092,-85387,27992
2020/10/30,自營商,195697,44573,205614,38722,-9917,5851,236886,96868,225945,39470,10941,57398
2020/10/30,投信,13,33,1621,4028,-1608,-3995,11774,22905,57686,132493,-45912,-109588
2020/10/30,外資及陸資,324606,254698,320288,245848,4318,8850,169787,176054,250844,139648,-81057,36406
2020/11/02,自營商,194340,33067,193591,31391,749,1676,241219,97871,229543,38390,11676,59481
2020/11/02,投信,58,145,283,704,-225,-559,11780,23110,57917,134169,-46137,-111059
2020/11/02,外資及陸資,285194,223051,285935,224888,-741,-1837,172661,172363,252464,137274,-79803,35089
2020/11/03,自營商,222765,35341,206092,38551,16673,-3210,259699,99096,230846,42009,28853,57087
2020/11/03,投信,2039,5175,118,298,1921,4877,11936,23815,56152,131493,-44216,-107678
2020/11/03,外資及陸資,248467,181982,242854,171759,5613,10223,183083,184216,257273,138461,-74190,45755
2020/11/04,自營商,484438,62129,463904,57771,20534,4358,211577,101597,173924,38975,37653,62622
2020/11/04,投信,1624,4148,20,26,1604,4122,12259,24982,54871,130073,-42612,-105091
2020/11/04,外資及陸資,435848,280569,428125,273444,7723,7125,176760,194958,245958,141536,-69198,53422
2020/11/05,自營商,232637,39167,225734,40975,6903,-1808,235046,102991,190517,42098,44529,60893
2020/11/05,投信,418,1043,69,172,349,871,12575,25832,54838,130254,-42263,-104422
2020/11/05,外資及陸資,275351,237600,260091,227156,15260,10444,191400,205529,248638,141537,-57238,63992
2020/11/06,自營商,233358,35605,218317,42236,15041,-6631,264283,101878,204675,47426,59608,54452
2020/11/06,投信,728,1884,56,145,672,1739,12768,26423,54359,129484,-41591,-103061
2020/11/06,外資及陸資,267254,208413,243491,196976,23763,11437,207785,216612,251031,140979,-43246,75633
2020/11/09,自營商,352556,51011,350145,50856,2411,155,290149,102683,228165,47294,61984,55389
2020/11/09,投信,2126,5581,20,52,2106,5529,13281,28162,52766,127192,-39485,-99030
2020/11/09,外資及陸資,317211,237320,314713,244431,2498,-7111,225180,228912,265928,159273,-40748,69639
2020/11/10,自營商,412129,59758,420835,57752,-8706,2006,314194,103299,260911,46231,53283,57068
2020/11/10,投信,410,1072,590,1543,-180,-471,13421,28399,53086,127480,-39665,-99081
2020/11/10,外資及陸資,431141,298641,442868,303114,-11727,-4473,220250,219710,272698,154489,-52448,65221
2020/11/11,自營商,536174,59124,491172,54953,45002,4171,249590,107069,201816,44763,47774,62306
2020/11/11,投信,2173,5738,27,45,2146,5693,13724,29603,51243,124447,-37519,-94844
2020/11/11,外資及陸資,371000,240923,375848,246506,-4848,-5583,213759,223586,271236,162742,-57477,60844
2020/11/12,自營商,221304,42463,219832,45486,1472,-3023,259280,100270,210114,41008,49166,59262
2020/11/12,投信,2241,5719,2267,5786,-26,-67,13670,29379,51215,124045,-37545,-94666
2020/11/12,外資及陸資,270647,226301,265651,217980,4996,8321,223078,228034,275565,159279,-52487,68755
2020/11/13,自營商,229665,34582,240628,31273,-10963,3309,264729,100034,223981,37138,40748,62896
2020/11/13,投信,6459,14698,5370,12441,1089,2257,13483,28994,49939,121813,-36456,-92819
2020/11/13,外資及陸資,249488,209118,247613,215230,1875,-6112,229485,231933,280097,169053,-50612,62880
2020/11/16,自營商,386357,62061,373514,60507,12843,1554,284620,105073,231377,39014,53243,66059
2020/11/16,投信,29858,77084,26939,68976,2919,8108,13739,30278,47276,117058,-33537,-86779
2020/11/16,外資及陸資,355925,323399,356591,340440,-666,-17041,247582,234921,298837,187775,-51255,47146
2020/11/17,自營商,390342,76664,409398,69329,-19056,7335,299739,109213,265521,35465,34218,73748
2020/11/17,投信,26747,61846,25586,57817,1161,4029,14187,31599,46563,114756,-32376,-83157
2020/11/17,外資及陸資,478137,392986,474543,404511,3594,-11525,266026,240706,313684,204734,-47658,35972
2020/11/18,自營商,534966,68127,495099,73331,39867,-5204,186662,93654,128402,27138,58260,66516
2020/11/18,投信,1401,3645,146,369,1255,3276,14229,32031,44989,112728,-30760,-80697
2020/11/18,外資及陸資,379600,241936,378217,236120,1383,5816,147368,199900,205034,157365,-57666,42535
2020/11/19,自營商,220853,32460,239036,30907,-18183,1553,207056,95175,166574,27045,40482,68130
2020/11/19,投信,733,1999,153,373,580,1626,14159,31925,44339,111135,-30180,-79210
2020/11/19,外資及陸資,250226,219633,263175,231264,-12949,-11631,152508,193282,222184,161849,-69676,31433
2020/11/20,自營商,213131,25849,220745,26438,-7614,-589,222374,95091,189698,27583,32676,67508
2020/11/20,投信,1212,3328,2,5,1210,3323,14167,31928,43137,107756,-28970,-75828
2020/11/20,外資及陸資,228711,188684,235970,195329,-7259,-6645,157140,187665,234042,162914,-76902,24751
2020/11/23,自營商,295014,36457,305563,35690,-10549,767,238078,98725,214124,29854,23954,68871
2020/11/23,投信,1569,3884,10,28,1559,3856,14575,32923,41986,105677,-27411,-72754
2020/11/23,外資及陸資,239717,181910,247379,200412,-7662,-18502,159613,175431,241749,166808,-82136,8623
2020/11/24,自營商,305324,34694,316930,37614,-11606,-2920,247712,100479,234974,34867,12738,65612
2020/11/24,投信,504,1380,744,387,-240,993,14503,32548,42154,103917,-27651,-71369
2020/11/24,外資及陸資,263253,190733,269635,190843,-6382,-110,159617,174764,248135,166377,-88518,8387
2020/11/25,自營商,524026,52318,529098,57931,-5072,-5613,218512,98599,186511,39118,32001,59481
2020/11/25,投信,1199,3262,162,418,1037,2844,14376,31986,40990,100057,-26614,-68071
2020/11/25,外資及陸資,359076,232596,358655,230236,421,2360,149926,185258,236038,174374,-86112,10884
2020/11/26,自營商,283260,35804,275677,36045,7583,-241,251855,101842,212280,42133,39575,59709
2020/11/26,投信,1944,5213,67,149,1877,5064,14632,32857,39369,96496,-24737,-63639
2020/11/26,外資及陸資,241372,191342,242243,201249,-871,-9907,169542,191017,256525,189895,-86983,1122
2020/11/27,自營商,250447,32736,243740,31127,6707,1609,282746,105992,236443,44593,46303,61399
2020/11/27,投信,199,552,17,47,182,505,14628,32938,39183,96240,-24555,-63302
2020/11/27,外資及陸資,217073,181861,219644,177658,-2571,4203,178229,192578,267783,187199,-89554,5379
2020/11/30,自營商,374376,53674,405601,46522,-31225,7152,291368,110806,277041,43089,14327,67717
2020/11/30,投信,163,452,587,1611,-424,-1159,14584,32441,39563,96168,-24979,-63727
2020/11/30,外資及陸資,357805,265897,371521,281214,-13716,-15317,179897,185713,280404,196066,-100507,-10353
2020/12/01,自營商,338594,35881,340229,38778,-1635,-2897,298299,110501,285694,44903,12605,65598
2020/12/01,投信,1741,4615,55,152,1686,4463,14785,33160,38078,93149,-23293,-59989
2020/12/01,外資及陸資,307523,207635,309264,216150,-1741,-8515,184093,187875,286341,206905,-102248,-19030
2020/12/02,自營商,503114,47137,475105,46357,28009,780,245581,108250,233099,41240,12482,67010
2020/12/02,投信,1201,3021,154,393,1047,2628,14949,33521,37195,91238,-22246,-57717
2020/12/02,外資及陸資,403152,235932,401382,229546,1770,6386,185765,194203,287967,207136,-102202,-12933
2020/12/03,自營商,263457,37572,268525,35874,-5068,1698,263286,111998,255886,43170,7400,68828
2020/12/03,投信,539,1062,68,187,471,875,15232,33931,37007,90886,-21775,-56955
2020/12/03,外資及陸資,287766,246509,290445,246550,-2679,-41,191802,188917,296683,201878,-104881,-12961
2020/12/04,自營商,306999,52531,314036,51770,-7037,761,286948,120717,287121,50436,-173,70281
2020/12/04,投信,1746,4403,686,1912,1060,2491,15495,34537,36210,89629,-20715,-55092
2020/12/04,外資及陸資,283266,229841,286414,234183,-3148,-4342,209094,203490,317123,220792,-108029,-17302
2020/12/07,自營商,375181,47710,373909,43105,1272,4605,303072,127274,302367,51809,705,75465
2020/12/07,投信,611,1290,42,119,569,1171,15786,35137,35932,89413,-20146,-54276
2020/12/07,外資及陸資,385457,252862,405896,269250,-20439,-16388,207497,190831,335966,224936,-128469,-34105
2020/12/08,自營商,408325,45065,393824,45956,14501,-891,326183,131019,311113,55736,15070,75283
2020/12/08,投信,1638,4176,542,1544,1096,2632,16231,36206,35281,88321,-19050,-52115
2020/12/08,外資及陸資,335475,234272,341269,237275,-5794,-3003,215796,191272,350056,228723,-134260,-37451
2020/12/09,自營商,439107,45535,435426,41100,3681,4435,268516,130176,277516,50276,-9000,79900
2020/12/09,投信,1087,2990,484,1262,603,1728,16369,36712,34856,87421,-18487,-50709
2020/12/09,外資及陸資,393598,211499,410886,230026,-17288,-18527,201125,185086,352798,241437,-151673,-56351
2020/12/10,自營商,301378,48477,307178,48549,-5800,-72,301925,134130,316933,55129,-15008,79001
2020/12/10,投信,570,1537,1045,2919,-475,-1382,16579,36869,35541,88387,-18962,-51518
2020/12/10,外資及陸資,375327,295614,378755,295941,-3428,-327,210616,184198,363311,240103,-152695,-55905
2020/12/11,自營商,382688,63134,385477,59587,-2789,3547,308136,138319,325943,55635,-17807,82684
2020/12/11,投信,9230,22151,9351,22421,-121,-270,16410,36339,35493,88132,-19083,-51793
2020/12/11,外資及陸資,521555,380251,522777,381805,-1222,-1554,214160,182787,368077,240135,-153917,-57348
2020/12/14,自營商,281887,50169,281364,46893,523,3276,324752,141438,342068,55813,-17316,85625
2020/12/14,投信,20063,52971,20113,52891,-50,80,16580,36598,35713,88167,-19133,-51569
2020/12/14,外資及陸資,426906,342117,447976,356014,-21070,-13897,207571,171010,382543,242004,-174972,-70994
2020/12/15,自營商,437937,85377,435584,83580,2353,1797,325121,140297,340178,53347,-15057,86950
2020/12/15,投信,19964,46192,20132,46477,-168,-285,17261,38153,36562,89646,-19301,-51493
2020/12/15,外資及陸資,492478,402541,489796,387884,2682,14657,217047,186264,389334,241863,-172287,-55599
2020/12/16,自營商,530733,67395,464408,80155,66325,-12760,193699,107820,150476,32978,43223,74842
2020/12/16,投信,1770,4732,96,238,1674,4494,17762,40098,33864,87869,-16102,-47771
2020/12/16,外資及陸資,365669,238237,365797,233100,-128,5137,94300,144494,284081,204887,-189781,-60393
2020/12/17,自營商,214681,35157,228728,30747,-14047,4410,220445,111029,191315,31836,29130,79193
2020/12/17,投信,115,325,336,952,-221,-627,17573,39554,33896,87934,-16323,-48380
2020/12/17,外資及陸資,269379,224241,287457,240344,-18078,-16103,99698,139579,307527,215978,-207829,-76399
2020/12/18,自營商,173111,20892,156857,22797,16254,-1905,245206,110603,199721,33567,45485,77036
2020/12/18,投信,10,28,78,195,-68,-167,17508,39254,33899,87632,-16391,-48378
2020/12/18,外資及陸資,211593,177432,214437,176698,-2844,734,109484,145691,320157,221116,-210673,-75425
2020/12/21,自營商,344638,40540,339510,38278,5128,2262,260492,113686,209674,33341,50818,80345
2020/12/21,投信,754,2157,1687,252,-933,1905,17664,40179,34988,87251,-17324,-47072
2020/12/21,外資及陸資,327739,267408,329458,259149,-1719,8259,121202,155158,333594,223128,-212392,-67970
2020/12/22,自營商,412295,45909,423671,48080,-11376,-2171,262560,112629,223154,35912,39406,76717
2020/12/22,投信,101,288,1049,2949,-948,-2661,17523,39053,35795,87923,-18272,-48870
2020/12/22,外資及陸資,498100,340936,518781,350841,-20681,-9905,117035,144577,350109,220813,-233074,-76236
2020/12/23,自營商,480166,35498,468697,37218,11469,-1720,228641,111283,183229,35906,45412,75377
2020/12/23,投信,786,2190,68,123,718,2067,17631,39583,35185,86621,-17554,-47038
2020/12/23,外資及陸資,392723,259193,385668,261060,7055,-1867,117231,140229,337866,219105,-220635,-78876
2020/12/24,自營商,212928,26873,208872,27641,4056,-768,250616,111719,198902,36434,51714,75285
2020/12/24,投信,348,991,4,2,344,989,17743,40258,34953,86735,-17210,-46477
2020/12/24,外資及陸資,240607,211828,232786,203466,7821,8362,132135,147608,343405,218547,-211270,-70939
2020/12/25,自營商,215025,30472,224814,26977,-9789,3495,259803,115646,217920,36473,41883,79173
2020/12/25,投信,409,1171,67,192,342,979,17726,40392,34594,86092,-16868,-45700
2020/12/25,外資及陸資,199766,148543,201990,153409,-2224,-4866,137904,145924,351344,222334,-213440,-76410
2020/12/28,自營商,223713,28256,241497,26188,-17784,2068,266386,119479,242326,37488,24060,81991
2020/12/28,投信,670,1865,52,150,618,1715,17775,40897,34025,85305,-16250,-44408
2020/12/28,外資及陸資,184390,138319,190844,146493,-6454,-8174,141119,148043,357335,233684,-216216,-85641
2020/12/29,自營商,285103,33010,297250,30486,-12147,2524,279108,120573,267195,35943,11913,84630
2020/12/29,投信,72,208,57,164,15,44,17788,40988,34023,85421,-16235,-44433
2020/12/29,外資及陸資,258472,168985,262134,170770,-3662,-1785,144664,149694,364613,237149,-219949,-87455
2020/12/30,自營商,419410,34880,378204,39741,41206,-4861,226391,116448,208727,35031,17664,81417
2020/12/30,投信,910,2634,15,12,895,2622,17914,41871,33254,84234,-15340,-42363
2020/12/30,外資及陸資,278661,191831,271840,178681,6821,13150,143994,170355,358268,245498,-214274,-75143
2020/12/31,自營商,205760,34610,223873,29322,-18113,5288,237106,121841,236798,34769,308,87072
2020/12/31,投信,1177,3455,41,115,1136,3340,17934,42063,32138,81201,-14204,-39138
2020/12/31,外資及陸資,254770,197750,266825,209511,-12055,-11761,153344,166075,379686,253446,-226342,-87371
2021/01/04,自營商,344804,56388,333045,52889,11759,3499,271883,128758,259760,36858,12123,91900
2021/01/04,投信,1074,3194,38,113,1036,3081,18106,43148,31274,79725,-13168,-36577
2021/01/04,外資及陸資,341526,269214,340748,273586,778,-4372,167899,168829,393463,262299,-225564,-93470
2021/01/05,自營商,363205,58327,366219,55066,-3014,3261,280552,133714,271238,37785,9314,95929
2021/01/05,投信,140,382,201,599,-61,-217,18113,43437,31342,80489,-13229,-37052
2021/01/05,外資及陸資,403323,309703,406681,311779,-3358,-2076,172745,170736,401667,267314,-228922,-96578
2021/01/06,自營商,827013,107921,844530,108377,-17517,-456,252178,136635,250591,41466,1587,95169
2021/01/06,投信,356,1035,237,680,119,355,18154,43420,31264,79957,-13110,-36537
2021/01/06,外資及陸資,737371,507579,727764,509041,9607,-1462,178108,170625,404181,268148,-226073,-97523
2021/01/07,自營商,352238,73745,349271,69202,2967,4543,283367,142767,279067,41040,4300,101727
2021/01/07,投信,1445,4394,291,884,1154,3510,18208,44517,30164,78325,-11956,-33808
2021/01/07,外資及陸資,432320,370138,413209,372324,19111,-2186,207520,180041,414488,281215,-206968,-101174
2021/01/08,自營商,356387,68633,361281,71903,-4894,-3270,295721,143448,296275,43354,-554,100094
2021/01/08,投信,978,3019,176,539,802,2480,18234,45259,29388,77107,-11154,-31848
2021/01/08,外資及陸資,457979,410829,473521,419976,-15542,-9147,217914,190746,440424,302736,-222510,-111990
2021/01/11,自營商,329944,66539,333062,63816,-3118,2723,313927,150307,317809,46835,-3882,103472
2021/01/11,投信,49,149,1,0,48,149,18257,45569,29363,77443,-11106,-31874
2021/01/11,外資及陸資,443425,394065,446399,403996,-2974,-9931,225459,187586,447505,310727,-222046,-123141
2021/01/12,自營商,419479,70498,420731,71589,-1252,-1091,324785,154377,329810,52065,-5025,102312
2021/01/12,投信,4,12,85,263,-81,-251,18183,45255,29370,77280,-11187,-32025
2021/01/12,外資及陸資,502020,441997,500901,442180,1119,-183,238101,195555,456895,318216,-218794,-122661
2021/01/13,自營商,655860,79237,615952,78219,39908,1018,268895,154634,282545,49392,-13650,105242
2021/01/13,投信,922,2877,130,376,792,2501,18313,46464,28708,76567,-10395,-30103
2021/01/13,外資及陸資,478971,360337,464678,367001,14293,-6664,229937,203838,437838,335287,-207901,-131449
2021/01/14,自營商,218772,60093,246637,57395,-27865,2698,297871,162393,339378,54862,-41507,107531
2021/01/14,投信,1089,3423,1314,4116,-225,-693,18330,46397,28950,77132,-10620,-30735
2021/01/14,外資及陸資,379025,342367,405123,368348,-26098,-25981,228041,186455,458443,343717,-230402,-157262
2021/01/15,自營商,491413,105887,489301,109793,2112,-3906,319764,157304,359572,53926,-39808,103378
2021/01/15,投信,3307,8533,3153,8020,154,513,18269,46041,28735,76080,-10466,-30039
2021/01/15,外資及陸資,727688,678486,726916,663913,772,14573,235124,176955,464733,318641,-229609,-141686
2021/01/18,自營商,469259,96519,473902,91949,-4643,4570,315912,159752,361049,51699,-45137,108053
2021/01/18,投信,20055,56436,20238,56953,-183,-517,18178,45705,28817,76197,-10639,-30492
2021/01/18,外資及陸資,699881,595750,699744,606172,137,-10422,245163,186206,474635,338534,-229472,-152328
2021/01/19,自營商,471764,94812,450631,94770,21133,42,342756,159024,366771,48864,-24015,110160
2021/01/19,投信,21391,55585,20377,52447,1014,3138,18478,47333,28103,75270,-9625,-27937
2021/01/19,外資及陸資,556674,500529,555247,507157,1427,-6628,238977,159854,467016,321605,-228039,-161751
2021/01/20,自營商,625758,116928,637300,117878,-11542,-950,187020,120811,171320,33597,15700,87214
2021/01/20,投信,263,596,735,2292,-472,-1696,18357,46695,26926,76105,-8569,-29410
2021/01/20,外資及陸資,732356,511216,742253,508155,-9897,3061,108672,128290,322890,246118,-214218,-117828
2021/01/21,自營商,413490,80804,421792,77321,-8302,3483,233951,127829,226694,34618,7257,93211
2021/01/21,投信,1612,5182,2897,1286,-1285,3896,18292,47684,28146,73943,-9854,-26259
2021/01/21,外資及陸資,556486,527501,553387,537354,3099,-9853,133140,121965,340661,253192,-207521,-131227
2021/01/22,自營商,259904,58424,277122,57963,-17218,461,252501,130449,262435,37925,-9934,92524
2021/01/22,投信,666,1667,730,2298,-64,-631,18566,47951,28484,74566,-9918,-26615
2021/01/22,外資及陸資,417271,404374,437216,434712,-19945,-30338,140798,118378,365864,278862,-225066,-160484
2021/01/25,自營商,376323,76778,399827,76918,-23504,-140,251916,131282,285486,39508,-33570,91774
2021/01/25,投信,43,137,450,1431,-407,-1294,18422,47260,28747,75044,-10325,-27784
2021/01/25,外資及陸資,559617,463170,561495,469221,-1878,-6051,153105,120659,380049,286148,-226944,-165489
2021/01/26,自營商,537868,94769,538772,96448,-904,-1679,278226,132929,311834,44583,-33608,88346
2021/01/26,投信,16,50,1251,3911,-1235,-3861,18155,45568,29715,76719,-11560,-31151
2021/01/26,外資及陸資,701412,578280,695923,567662,5489,10618,166659,121384,381808,272580,-215149,-151196
2021/01/27,自營商,670602,68338,666825,73094,3777,-4756,225037,128812,241237,45140,-16200,83672
2021/01/27,投信,36,62,167,419,-131,-357,18003,45254,29694,76816,-11691,-31562
2021/01/27,外資及陸資,633653,466137,626370,467131,7283,-994,153655,125047,367192,277559,-213537,-152512
2021/01/28,自營商,345759,79102,346595,80260,-836,-1158,273782,129631,290776,48662,-16994,80969
2021/01/28,投信,91,249,939,2865,-848,-2616,17583,43167,30122,76800,-12539,-33633
2021/01/28,外資及陸資,580318,575855,570799,571753,9519,4102,165994,125256,370027,270434,-204033,-145178
2021/01/29,自營商,433897,90732,439281,93210,-5384,-2478,280552,129447,302985,52547,-22433,76900
2021/01/29,投信,9,2,1159,3475,-1150,-3473,17298,41467,30987,77886,-13689,-36419
2021/01/29,外資及陸資,693742,617607,659362,580797,34380,36810,191768,136976,365042,242552,-173274,-105576
2021/02/01,自營商,418903,75943,407712,73921,11191,2022,307099,132020,318397,51229,-11298,80791
2021/02/01,投信,1369,4181,403,1213,966,2968,17478,42864,30201,77018,-12723,-34154
2021/02/01,外資及陸資,660886,512962,654694,517511,6192,-4549,205773,139782,372789,252468,-167016,-112686
2021/02/02,自營商,515371,89239,494600,90543,20771,-1304,333540,136089,324012,54334,9528,81755
2021/02/02,投信,2314,7179,637,1910,1677,5269,17778,44915,28824,74661,-11046,-29746
2021/02/02,外資及陸資,589766,466669,591838,462663,-2072,4006,213650,146199,382738,257851,-169088,-111652
2021/02/03,自營商,537079,78388,555503,72252,-18424,6136,235114,136698,255346,48788,-20232,87910
2021/02/03,投信,3367,7574,3382,7591,-15,-17,17755,44917,28816,74718,-11061,-29801
2021/02/03,外資及陸資,619326,411198,631552,426293,-12226,-15095,185829,125221,367060,251980,-181231,-126759
2021/02/04,自營商,250867,76816,251797,77589,-930,-773,248329,138452,269484,51789,-21155,86663
2021/02/04,投信,20596,59832,21031,61100,-435,-1268,17757,44572,29253,75485,-11496,-30913
2021/02/04,外資及陸資,449957,475431,460467,473173,-10510,2258,182040,130356,373772,254010,-191732,-123654
2021/02/05,自營商,295968,82844,286002,82098,9966,746,264979,136757,276704,48718,-11725,88039
2021/02/05,投信,18801,48485,18377,47159,424,1326,17746,44683,28818,74490,-11072,-29807
2021/02/05,外資及陸資,450114,476226,452482,480994,-2368,-4768,184179,138371,378282,267691,-194103,-129320
2021/02/17,自營商,555239,99206,520002,101535,35237,-2329,181123,122599,160516,36620,20607,85979
2021/02/17,投信,2476,7824,143,441,2333,7383,18285,48223,24318,71415,-6033,-23192
2021/02/17,外資及陸資,401842,374725,403996,371586,-2154,3139,86246,115999,279284,230828,-193038,-114829
2021/02/18,自營商,274887,54730,293799,55069,-18912,-339,208630,124413,206887,38695,1743,85718
2021/02/18,投信,596,1954,2577,270,-1981,1684,18281,48312,26295,69902,-8014,-21590
2021/02/18,外資及陸資,413300,383189,430642,410728,-17342,-27539,100109,113555,310519,256037,-210410,-142482
2021/02/19,自營商,242338,54119,257719,54725,-15381,-606,223965,126601,237373,42040,-13408,84561
2021/02/19,投信,5,16,375,1221,-370,-1205,18130,47588,26514,70288,-8384,-22700
2021/02/19,外資及陸資,440582,403360,454723,400068,-14141,3292,102649,110156,327209,248437,-224560,-138281
2021/02/22,自營商,342738,62002,341168,60296,1570,1706,252220,129169,264214,42741,-11994,86428
2021/02/22,投信,182,598,16,52,166,546,18280,48253,26498,70521,-8218,-22268
2021/02/22,外資及陸資,501031,404505,514603,420670,-13572,-16165,114981,106176,350416,261138,-235435,-154962
2021/02/23,自營商,355348,63815,357193,64636,-1845,-821,261459,130809,276615,45598,-15156,85211
2021/02/23,投信,232,762,7,23,225,739,18294,48421,26287,70022,-7993,-21601
2021/02/23,外資及陸資,483123,381005,491589,387798,-8466,-6793,118625,109653,362524,271297,-243899,-161644
2021/02/24,自營商,590296,85102,594716,89220,-4420,-4118,225547,126577,224062,46766,1485,79811
2021/02/24,投信,285,58,832,2671,-547,-2613,18402,47165,26942,71053,-8540,-23888
2021/02/24,外資及陸資,698459,505986,723135,511556,-24676,-5570,111575,105533,367446,269703,-255871,-164170
2021/02/25,自營商,275994,67956,266859,64998,9135,2958,255521,131880,244877,48098,10644,83782
2021/02/25,投信,999,3273,40,130,959,3143,18818,49123,26399,70174,-7581,-21051
2021/02/25,外資及陸資,455304,395014,450476,387902,4828,7112,138196,116543,389239,275913,-251043,-159370
2021/02/26,自營商,328830,79505,346574,81532,-17744,-2027,273017,134821,280043,55653,-7026,79168
2021/02/26,投信,176,560,1361,3730,-1185,-3170,18638,47758,27404,71397,-8766,-23639
2021/02/26,外資及陸資,573723,554483,599759,563727,-26036,-9244,134519,112707,408955,276030,-274436,-163323
2021/03/02,自營商,445315,70332,429770,70440,15545,-108,288700,135447,280195,56436,8505,79011
2021/03/02,投信,5,8,248,780,-243,-772,18595,47550,27604,71921,-9009,-24371
2021/03/02,外資及陸資,610210,515907,591744,496394,18466,19513,150854,125260,406857,268683,-256003,-143423
2021/03/03,自營商,580716,67897,563960,68677,16756,-780,249749,135512,239120,55723,10629,79789
2021/03/03,投信,799,2560,122,371,677,2189,18726,48801,27058,71396,-8332,-22595
2021/03/03,外資及陸資,598425,413476,582032,409115,16393,4361,145018,125746,385916,267412,-240898,-141666
2021/03/04,自營商,351396,76534,366290,77942,-14894,-1408,279417,134842,283745,57924,-4328,76918
2021/03/04,投信,49,156,694,2179,-645,-2023,18734,48046,27711,72314,-8977,-24268
2021/03/04,外資及陸資,545261,536421,556785,539116,-11524,-2695,146976,117635,399507,258888,-252531,-141253
2021/03/05,自營商,343538,71124,334520,70591,9018,533,302578,135848,298180,58704,4398,77144
2021/03/05,投信,16,51,532,1685,-516,-1634,18644,47540,28137,73329,-9493,-25789
2021/03/05,外資及陸資,603421,559003,606354,562282,-2933,-3279,151374,118140,404441,261945,-253067,-143805
2021/03/08,自營商,429425,81824,430513,82045,-1088,-221,321060,137571,317648,60877,3412,76694
2021/03/08,投信,8,26,51,161,-43,-135,18595,47274,28131,73168,-9536,-25894
2021/03/08,外資及陸資,650372,551205,643004,534707,7368,16498,158090,123999,403789,250575,-245699,-126576
2021/03/09,自營商,431754,80107,458415,79296,-26661,811,333233,141311,356738,63728,-23505,77583
2021/03/09,投信,366,1158,12,38,354,1120,18753,47770,27935,72550,-9182,-24780
2021/03/09,外資及陸資,660286,502560,652570,513925,7716,-11365,166463,119374,404431,257483,-237968,-138109
2021/03/10,自營商,503466,66466,503760,64985,-294,1481,263062,136667,272178,57380,-9116,79287
2021/03/10,投信,58,90,28,67,30,23,18772,47947,27924,72797,-9152,-24850
2021/03/10,外資及陸資,560437,380420,551075,371596,9362,8824,162357,122102,387910,251788,-225553,-129686
2021/03/11,自營商,274044,68790,264079,65920,9965,2870,277833,137986,275871,54302,1962,83684
2021/03/11,投信,1454,4701,46,142,1408,4559,19109,49914,26853,70644,-7744,-20730
2021/03/11,外資及陸資,422901,379503,428358,399191,-5457,-19688,172216,117861,405627,269960,-233411,-152099
2021/03/12,自營商,218758,56450,218727,51647,31,4803,294001,142012,293841,53211,160,88801
2021/03/12,投信,4335,9877,4321,9806,14,71,19118,50110,26848,70838,-7730,-20728
2021/03/12,外資及陸資,385362,337555,399956,347827,-14594,-10272,170714,111009,418719,274164,-248005,-163155
2021/03/15,自營商,258292,67039,264431,66857,-6139,182,303556,147119,309975,58285,-6419,88834
2021/03/15,投信,20623,62012,20625,61977,-2,35,19120,49932,26852,70600,-7732,-20668
2021/03/15,外資及陸資,471624,400273,487424,406149,-15800,-5876,175203,114319,436518,283206,-261315,-168887
2021/03/16,自營商,354905,85622,323876,89042,31029,-3420,326892,147993,302182,61980,24710,86013
2021/03/16,投信,18267,48302,18015,47529,252,773,19354,50874,26834,70904,-7480,-20030
2021/03/16,外資及陸資,485768,410561,484333,395969,1435,14592,183200,133928,443083,289268,-259883,-155340
2021/03/17,自營商,510585,92160,518600,86981,-8015,5179,176907,124974,161175,36608,15732,88366
2021/03/17,投信,410,1119,505,1428,-95,-309,19225,50180,24350,70573,-5125,-20393
2021/03/17,外資及陸資,416522,271635,450830,301052,-34308,-29417,88630,100406,336486,257726,-247856,-157320
2021/03/18,自營商,276579,52250,275028,55715,1551,-3465,208737,125731,191691,40569,17046,85162
2021/03/18,投信,104,338,1057,192,-953,146,19249,50491,25327,70836,-6078,-20345
2021/03/18,外資及陸資,380487,342535,373521,339550,6966,2985,115562,104826,356455,259880,-240893,-155054
2021/03/19,自營商,299143,66621,336682,66078,-37539,543,208856,128870,229521,44488,-20665,84382
2021/03/19,投信,65,209,575,1841,-510,-1632,18785,48293,25373,69993,-6588,-21700
2021/03/19,外資及陸資,432689,393333,442355,400733,-9666,-7400,122812,103135,373371,263185,-250559,-160050
2021/03/22,自營商,292318,55021,285075,58160,7243,-3139,227815,127829,241306,45988,-13491,81841
2021/03/22,投信,519,1669,64,207,455,1462,18821,48772,24954,69180,-6133,-20408
2021/03/22,外資及陸資,447872,368185,434466,353742,13406,14443,137516,105860,374669,252877,-237153,-147017
2021/03/23,自營商,290505,55781,294789,50335,-4284,5446,239820,133108,257524,45883,-17704,87225
2021/03/23,投信,609,1964,23,74,586,1890,19406,50613,24953,69112,-5547,-18499
2021/03/23,外資及陸資,444720,295226,457908,303172,-13188,-7946,135619,100466,385960,255068,-250341,-154602
2021/03/24,自營商,409769,57701,422798,59360,-13029,-1659,211165,133330,219096,48896,-7931,84434
2021/03/24,投信,8,0,694,2196,-686,-2196,19252,49656,25486,70194,-6234,-20538
2021/03/24,外資及陸資,456996,312731,480634,323412,-23638,-10681,112333,97591,395263,261363,-282930,-163772
2021/03/25,自營商,253672,49580,243290,50292,10382,-712,239380,132769,237007,48623,2373,84146
2021/03/25,投信,75,240,18,52,57,188,19309,49998,25486,70411,-6177,-20413
2021/03/25,外資及陸資,380052,347259,373017,336021,7035,11238,121094,100334,396989,253281,-275895,-152947
2021/03/26,自營商,291152,55034,280378,51628,10774,3406,258876,134270,245763,45225,13113,89045
2021/03/26,投信,1080,3516,2,6,1078,3510,19625,51832,24724,69057,-5099,-17225
2021/03/26,外資及陸資,383178,334748,361747,319462,21431,15286,143140,121463,397604,261639,-254464,-140176
2021/03/29,自營商,299638,52085,303973,53723,-4335,-1638,277959,136966,269204,48914,8755,88052
2021/03/29,投信,141,463,42,138,99,325,19707,52491,24707,69522,-5000,-17031
2021/03/29,外資及陸資,397292,308870,403641,305040,-6349,3830,143919,117794,407432,255235,-263513,-137441
2021/03/30,自營商,291352,45137,303137,46450,-11785,-1313,281059,137870,284131,50555,-3072,87315
2021/03/30,投信,384,1269,117,387,267,882,19666,52704,24399,68970,-4733,-16266
2021/03/30,外資及陸資,348181,265521,340890,259357,7291,6164,150939,123955,407161,256366,-256222,-132411
2021/03/31,自營商,347931,49902,347978,51327,-47,-1425,215959,137155,239214,51831,-23255,85324
2021/03/31,投信,46,128,424,1355,-378,-1227,19506,51862,24617,69258,-5111,-17396
2021/03/31,外資及陸資,403877,242488,418553,256325,-14676,-13837,123542,110630,397394,255632,-273852,-145002
2021/04/01,自營商,209596,44889,207107,45737,2489,-848,239891,135230,260859,49953,-20968,85277
2021/04/01,投信,317,1049,159,526,158,523,19446,52076,24399,69079,-4953,-17003
2021/04/01,外資及陸資,328101,286667,323584,277337,4517,9330,139519,118718,408854,255753,-269335,-137035
2021/04/06,自營商,315671,53483,298789,57330,16882,-3847,277118,135666,281245,53300,-4127,82366
2021/04/06,投信,714,2389,3,10,711,2379,19617,53210,23859,68022,-4242,-14812
2021/04/06,外資及陸資,384571,274813,386113,271022,-1542,3791,150178,125196,421076,260230,-270898,-135034
2021/04/07,自營商,311131,49783,326959,46729,-15828,3054,232128,139134,265916,53463,-33788,85671
2021/04/07,投信,339,222,199,643,140,-421,19522,53004,23602,68202,-4080,-15198
2021/04/07,外資及陸資,371489,217723,373373,232984,-1884,-15261,137605,107364,417381,258281,-279776,-150917
2021/04/08,自營商,267177,47660,255371,47700,11806,-40,269624,143376,291666,56997,-22042,86379
2021/04/08,投信,717,1534,13,35,704,1499,19638,53886,23014,67730,-3376,-13844
2021/04/08,外資及陸資,342487,266532,346505,267118,-4018,-586,148693,110972,432487,264234,-283794,-153262
2021/04/09,自營商,257575,45218,269213,48527,-11638,-3309,278211,143233,311884,60559,-33673,82674
2021/04/09,投信,93,312,46,155,47,157,19697,53794,23026,67415,-3329,-13621
2021/04/09,外資及陸資,377571,255291,404507,272107,-26936,-16816,145824,98350,456554,267015,-310730,-168665
2021/04/12,自營商,297392,52643,305284,53867,-7892,-1224,288766,143270,330331,61994,-41565,81276
2021/04/12,投信,32,104,53,175,-21,-71,19678,53691,23028,67385,-3350,-13694
2021/04/12,外資及陸資,432469,281456,423441,279886,9028,1570,160941,98080,462623,264818,-301682,-166738
2021/04/13,自營商,480410,80383,469506,78144,10904,2239,308051,148630,338739,65186,-30688,83444
2021/04/13,投信,2,7,568,1908,-566,-1901,19516,53021,23432,68582,-3916,-15561
2021/04/13,外資及陸資,564582,345912,564504,344201,78,1711,164986,102992,466590,267686,-301604,-164694
2021/04/14,自營商,675551,91904,696660,89803,-21109,2101,255115,145429,298377,59431,-43262,85998
2021/04/14,投信,95,297,29,73,66,224,19585,53473,23435,68871,-3850,-15398
2021/04/14,外資及陸資,840534,446943,827669,443200,12865,3743,161615,102111,456012,263961,-294397,-161850
2021/04/15,自營商,296560,62720,296952,60958,-392,1762,277164,147969,320846,59179,-43682,88790
2021/04/15,投信,638,2173,45,152,593,2021,19641,54312,22898,67889,-3257,-13577
2021/04/15,外資及陸資,466012,341617,468687,338665,-2675,2952,170477,105015,467549,265789,-297072,-160774
2021/04/16,自營商,315780,64243,323385,62967,-7605,1276,283493,151375,334657,61210,-51164,90165
2021/04/16,投信,4178,9802,3722,8222,456,1580,19880,55379,22681,67443,-2801,-12064
2021/04/16,外資及陸資,488152,379183,496085,394192,-7933,-15009,174932,107015,477687,283307,-302755,-176292
2021/04/19,自營商,333608,76893,311869,83449,21739,-6556,312021,149817,339809,66024,-27788,83793
2021/04/19,投信,20867,66813,20376,65102,491,1711,20052,56230,22364,66660,-2312,-10430
2021/04/19,外資及陸資,529931,379950,538753,364311,-8822,15639,185349,120709,496926,281908,-311577,-161199
2021/04/20,自營商,333847,84196,348053,80630,-14206,3566,322480,155376,364584,67957,-42104,87419
2021/04/20,投信,17395,47995,17315,47945,80,50,20082,56351,22314,66750,-2232,-10399
2021/04/20,外資及陸資,533258,366611,555341,386034,-22083,-19423,197685,117183,531340,298673,-333655,-181490
2021/04/21,自營商,492318,103295,506170,108826,-13852,-5531,179719,131211,215945,42178,-36226,89033
2021/04/21,投信,146,300,592,1990,-446,-1690,19651,54482,22062,67008,-2411,-12526
2021/04/21,外資及陸資,563814,326213,595277,338144,-31463,-11931,111681,89158,443879,267932,-332198,-178774
2021/04/22,自營商,385599,67960,376906,69992,8693,-2032,233115,136428,260638,49403,-27523,87025
2021/04/22,投信,7,24,245,823,-238,-799,19618,54299,22267,67606,-2649,-13307
2021/04/22,外資及陸資,703877,471057,717978,477187,-14101,-6130,131866,86244,474865,269955,-342999,-183711
2021/04/23,自營商,262198,48230,251731,48127,10467,103,248344,136479,265418,48515,-17074,87964
2021/04/23,投信,286,987,7,24,279,963,19691,55027,22061,67487,-2370,-12460
2021/04/23,外資及陸資,493107,342802,495302,340199,-2195,2603,147666,96256,492860,279883,-345194,-183627
2021/04/26,自營商,340903,53935,332274,55634,8629,-1699,273497,141066,281874,53437,-8377,87629
2021/04/26,投信,885,3097,8,28,877,3069,19925,56690,21418,66289,-1493,-9599
2021/04/26,外資及陸資,480864,325183,494598,329794,-13734,-4611,161871,100020,520799,292025,-358928,-192005
2021/04/27,自營商,323705,53288,341657,50164,-17952,3124,288524,146728,314857,55759,-26333,90969
2021/04/27,投信,37,130,24,84,13,46,19941,56876,21421,66454,-1480,-9578
2021/04/27,外資及陸資,509862,315324,540659,324826,-30797,-9502,161137,99278,550868,300968,-389731,-201690
2021/04/28,自營商,397479,43768,397710,43762,-231,6,224576,143622,258516,52749,-33940,90873
2021/04/28,投信,27,24,12,21,15,3,19958,56748,21423,66298,-1465,-9550
2021/04/28,外資及陸資,456850,247633,474091,260480,-17241,-12847,149828,88286,547674,302571,-397846,-214285
2021/04/29,自營商,275220,58233,276272,56868,-1052,1365,250788,146216,285760,53875,-34972,92341
2021/04/29,投信,43,151,51,179,-8,-28,19968,56909,21441,66505,-1473,-9596
2021/04/29,外資及陸資,468257,375703,474790,370375,-6533,5328,161486,93699,565913,303719,-404427,-210020
2021/05/03,自營商,420254,80624,443926,77449,-23672,3175,272611,151646,331330,57732,-58719,93914
2021/05/03,投信,243,839,703,2425,-460,-1586,20181,56620,22114,67631,-1933,-11011
2021/05/03,外資及陸資,651516,460118,662715,486445,-11199,-26327,169960,92617,586153,323714,-416193,-231097
2021/05/04,自營商,658225,108559,658984,105845,-759,2714,291137,152805,350798,57487,-59661,95318
2021/05/04,投信,125,423,863,2925,-738,-2502,20169,55573,22840,68872,-2671,-13299
2021/05/04,外資及陸資,999795,632737,983191,641750,16604,-9013,189469,93928,584684,329553,-395215,-235625
2021/05/05,自營商,557947,76923,550272,81686,7675,-4763,260452,145611,291060,56311,-30608,89300
2021/05/05,投信,11,17,707,2360,-696,-2343,19979,54386,23346,69884,-3367,-15498
2021/05/05,外資及陸資,833288,494327,812969,481313,20319,13014,175036,89695,543936,308650,-368900,-218955
2021/05/06,自營商,379406,78586,373479,78034,5927,552,288318,148274,312104,57379,-23786,90895
2021/05/06,投信,448,1512,37,126,411,1386,20112,55417,23068,69700,-2956,-14283
2021/05/06,外資及陸資,721808,524741,705635,501093,16173,23648,191521,103152,544248,301610,-352727,-198458
2021/05/07,自營商,342040,64564,346084,63737,-4044,827,296212,149628,323397,56192,-27185,93436
2021/05/07,投信,1009,3485,15,52,994,3433,20449,57668,22411,68811,-1962,-11143
2021/05/07,外資及陸資,555625,399562,570300,406050,-14675,-6488,195204,104410,562621,313667,-367417,-209257
2021/05/10,自營商,291739,58045,314123,55815,-22384,2230,312261,149928,361722,55066,-49461,94862
2021/05/10,投信,55,189,66,228,-11,-39,20493,57603,22466,68749,-1973,-11146
2021/05/10,外資及陸資,571331,376158,593746,389170,-22415,-13012,199091,104798,588926,325609,-389835,-220811
2021/05/11,自營商,701380,120224,706228,113613,-4848,6611,340713,155534,395016,57926,-54303,97608
2021/05/11,投信,29,91,2486,8231,-2457,-8140,19695,52757,24125,71596,-4430,-18839
2021/05/11,外資及陸資,1101062,695833,1085887,681373,15175,14460,210212,115162,583779,312565,-373567,-197403
2021/05/12,自營商,848991,189529,876449,186859,-27458,2670,289059,146438,310093,52381,-21034,94057
2021/05/12,投信,207,623,2207,6932,-2000,-6309,19651,49941,26081,74053,-6430,-24112
2021/05/12,外資及陸資,1499016,1144338,1460274,1106598,38742,37740,211141,126316,544895,275249,-333754,-148933
2021/05/13,自營商,343863,101544,322882,105014,20981,-3470,305831,144242,306596,54511,-765,89731
2021/05/13,投信,461,1427,190,589,271,838,19531,49153,25690,72221,-6159,-23068
2021/05/13,外資及陸資,948061,804955,920853,791502,27208,13453,227471,124934,536603,258195,-309132,-133261
2021/05/14,自營商,324850,77802,296477,82615,28373,-4813,329349,143235,300836,57099,28513,86136
2021/05/14,投信,4873,11262,4254,9286,619,1976,19702,50341,25242,71726,-5540,-21385
2021/05/14,外資及陸資,992111,791231,961356,765826,30755,25405,240639,135430,521734,244317,-281095,-108887
2021/05/17,自營商,375807,120899,383498,119016,-7691,1883,331820,139425,312921,53727,18899,85698
2021/05/17,投信,22307,64193,23852,68843,-1545,-4650,19623,48445,26708,73762,-7085,-25317
2021/05/17,外資及陸資,1024675,794566,1011221,790761,13454,3805,251763,127164,519534,228421,-267771,-101257
2021/05/18,自營商,461208,118032,421719,120227,39489,-2195,369525,141586,312162,53199,57363,88387
2021/05/18,投信,19320,51052,16295,41319,3025,9733,20309,53350,24369,70441,-4060,-17091
2021/05/18,外資及陸資,847040,700968,847850,713479,-810,-12511,263890,145426,532498,265458,-268608,-120032
2021/05/19,自營商,494584,91845,482532,90951,12052,894,207489,124238,140377,30559,67112,93679
2021/05/19,投信,179,369,180,380,-1,-11,20312,53118,24373,70154,-4061,-17036
2021/05/19,外資及陸資,876959,500490,884729,506916,-7770,-6426,120350,94045,390330,218105,-269980,-124060
2021/05/20,自營商,169739,43383,166989,40721,2750,2662,232778,128324,162904,32376,69874,95948
2021/05/20,投信,0,0,797,2093,-797,-2093,19854,51950,24712,71026,-4858,-19076
2021/05/20,外資及陸資,668894,526333,667926,524448,968,1885,132076,96374,401034,217670,-268958,-121296
2021/05/21,自營商,222457,52011,218895,52067,3562,-56,244902,131712,171431,34085,73471,97627
2021/05/21,投信,1015,3299,16,52,999,3247,20085,53592,23944,69771,-3859,-16179
2021/05/21,外資及陸資,647711,527278,657131,535520,-9420,-8242,142259,97385,420655,229656,-278396,-132271
2021/05/24,自營商,192289,34153,199615,34457,-7326,-304,255261,132328,189384,34922,65877,97406
2021/05/24,投信,286,932,0,0,286,932,20159,53917,23732,69194,-3573,-15277
2021/05/24,外資及陸資,616734,425492,627765,437366,-11031,-11874,153158,98012,442630,242562,-289472,-144550
2021/05/25,自營商,296182,47685,275586,53466,20596,-5781,281400,132319,194625,38961,86775,93358
2021/05/25,投信,932,3091,0,0,932,3091,20426,55793,23068,68248,-2642,-12455
2021/05/25,外資及陸資,681517,420755,682375,415002,-858,5753,168119,100957,458437,242036,-290318,-141079
2021/05/26,自營商,321305,35879,333381,34874,-12076,1005,240389,132272,176191,37680,64198,94592
2021/05/26,投信,180,571,7,3,173,568,20595,56440,23064,68349,-2469,-11909
2021/05/26,外資及陸資,598471,315899,597035,318090,1436,-2191,162534,100880,461266,244375,-298732,-143495
2021/05/27,自營商,189682,35631,189446,36477,236,-846,258940,131688,195681,38364,63259,93324
2021/05/27,投信,156,506,241,797,-85,-291,20723,56570,23277,68707,-2554,-12137
2021/05/27,外資及陸資,516600,399382,521423,403241,-4823,-3859,164382,95711,467955,242559,-303573,-146848
2021/05/28,自營商,202666,37375,201833,40783,833,-3408,272925,132635,208635,40803,64290,91832
2021/05/28,投信,1055,3558,47,158,1008,3400,20965,58494,22511,67482,-1546,-8988
2021/05/28,外資及陸資,500444,366913,513374,369949,-12930,-3036,173727,102438,490227,255978,-316500,-153540
2021/05/31,自營商,283779,49146,286071,51674,-2292,-2528,280021,134713,217992,44444,62029,90269
2021/05/31,投信,357,1214,50,170,307,1044,21045,59275,22284,67299,-1239,-8024
2021/05/31,外資及陸資,612563,420267,625370,424570,-12807,-4303,180729,102023,510052,261877,-329323,-159854
2021/06/01,自營商,246887,43504,250474,42665,-3587,839,295925,142139,237461,50481,58464,91658
2021/06/01,投信,1086,3722,58,196,1028,3526,21762,62138,21973,66697,-211,-4559
2021/06/01,外資及陸資,516764,305873,519357,308675,-2593,-2802,190065,109419,521981,273584,-331916,-164165
2021/06/02,自營商,369351,49122,368819,53428,532,-4306,251329,140172,214783,53199,36546,86973
2021/06/02,投信,790,2680,66,202,724,2478,22489,64507,21976,66589,513,-2082
2021/06/02,外資及陸資,622571,338670,644160,339718,-21589,-1048,183262,107407,537638,272183,-354376,-164776
2021/06/03,自營商,188030,45892,194838,43791,-6808,2101,258724,142864,229011,53124,29713,89740
2021/06/03,投信,815,2804,305,1047,510,1757,22999,66699,21976,67043,1023,-344
2021/06/03,外資及陸資,473682,347170,477463,350411,-3781,-3241,193571,109378,551821,279362,-358250,-169984
2021/06/04,自營商,156166,35859,166917,37076,-10751,-1217,265520,144057,246825,56083,18695,87974
2021/06/04,投信,763,2612,543,1856,220,756,23644,68453,22401,68035,1243,418
2021/06/04,外資及陸資,413173,332682,427661,345220,-14488,-12538,190666,105628,563389,286509,-372723,-180881
2021/06/07,自營商,365628,69866,370288,68498,-4660,1368,274757,147025,260765,57754,13992,89271
2021/06/07,投信,139,475,55,188,84,287,23772,68836,22445,68131,1327,705
2021/06/07,外資及陸資,767434,499566,765205,496719,2229,2847,193061,106145,563540,283396,-370479,-177251
2021/06/08,自營商,247952,35344,247992,39446,-40,-4102,276687,146660,262570,61534,14117,85126
2021/06/08,投信,65,215,13,38,52,177,23827,69006,22448,68126,1379,880
2021/06/08,外資及陸資,438143,299459,440179,302726,-2036,-3267,192092,103426,564622,284280,-372530,-180854
2021/06/09,自營商,368264,55632,381589,56188,-13325,-556,242042,136256,233050,52383,8992,83873
2021/06/09,投信,129,398,661,2217,-532,-1819,23725,68126,22878,69069,847,-943
2021/06/09,外資及陸資,638156,361672,634869,359269,3287,2403,180055,103672,546678,280558,-366623,-176886
2021/06/10,自營商,233185,57910,230480,53874,2705,4036,259713,143592,249144,54572,10569,89020
2021/06/10,投信,3261,6649,2318,3414,943,3235,23978,69804,22188,67524,1790,2280
2021/06/10,外資及陸資,493594,379784,482496,381182,11098,-1398,192268,101312,547787,281536,-355519,-180224
2021/06/11,自營商,208665,62842,203257,65070,5408,-2228,271344,141039,255160,54021,16184,87018
2021/06/11,投信,21315,68459,21068,67810,247,649,24230,70470,22193,67540,2037,2930
2021/06/11,外資及陸資,491152,369558,485934,366743,5218,2815,204092,106184,554402,285190,-350310,-179006
2021/06/15,自營商,262307,66134,250055,71006,12252,-4872,288325,136358,259682,53382,28643,82976
2021/06/15,投信,22853,67191,22197,64979,656,2212,24534,72000,21841,66838,2693,5162
2021/06/15,外資及陸資,631550,430928,635341,439303,-3791,-8375,214151,110294,568276,300641,-354125,-190347
2021/06/16,自營商,368580,87385,346252,86383,22328,1002,159632,112719,123435,29459,36197,83260
2021/06/16,投信,505,1374,146,432,359,942,24839,72797,21842,66709,2997,6088
2021/06/16,外資及陸資,567874,340535,573453,335532,-5579,5003,91468,88360,411136,267355,-319668,-178995
2021/06/17,自營商,180394,37868,191735,32325,-11341,5543,187073,120137,162168,31072,24905,89065
2021/06/17,投信,1904,345,1501,400,403,-55,26739,73356,23339,67310,3400,6046
2021/06/17,外資及陸資,375857,294723,392620,314041,-16763,-19318,105760,93739,442134,293191,-336374,-199452
2021/06/18,自營商,142565,27817,143838,31485,-1273,-3668,197115,118753,173548,33681,23567,85072
2021/06/18,投信,40,58,1537,408,-1497,-350,26757,73154,24854,67490,1903,5664
2021/06/18,外資及陸資,370320,289031,377559,286339,-7239,2692,108390,89919,452000,286329,-343610,-196410
2021/06/21,自營商,288908,62831,301028,63769,-12120,-938,220712,120648,209543,38271,11169,82377
2021/06/21,投信,1037,228,988,3293,49,-3065,27469,71073,25517,68644,1952,2429
2021/06/21,外資及陸資,595291,440021,609112,442439,-13821,-2418,118258,95163,475725,291137,-357467,-195974
2021/06/22,自營商,260479,43953,238863,51586,21616,-7633,242069,121241,208969,46381,33100,74860
2021/06/22,投信,33,112,102,329,-69,-217,27391,71066,25508,68856,1883,2210
2021/06/22,外資及陸資,474818,318577,471183,316183,3635,2394,120139,88922,473992,282658,-353853,-193736
2021/06/23,自營商,459261,64101,423467,65291,35794,-1190,199710,123520,177429,48595,22281,74925
2021/06/23,投信,1083,3717,15,28,1068,3689,27712,73200,24761,67173,2951,6027
2021/06/23,外資及陸資,543743,364798,538683,366453,5060,-1655,118316,92681,467528,290045,-349212,-197364
2021/06/24,自營商,155588,30941,151697,35164,3891,-4223,218868,122574,192732,51785,26136,70789
2021/06/24,投信,85,295,0,0,85,295,27783,73717,24747,67434,3036,6283
2021/06/24,外資及陸資,324559,259940,332344,260280,-7785,-340,123318,96632,480306,296024,-356988,-199392
2021/06/25,自營商,194643,40705,201956,42434,-7313,-1729,225340,120323,206422,50916,18918,69407
2021/06/25,投信,354,1235,174,604,180,631,27765,74010,24549,67102,3216,6908
2021/06/25,外資及陸資,369918,299741,366793,290139,3125,9602,126193,95126,480122,286561,-353929,-191435
2021/06/28,自營商,159059,26919,169223,30662,-10164,-3743,220395,119759,211577,53874,8818,65885
2021/06/28,投信,426,1028,83,289,343,739,27892,74428,24333,66818,3559,7610
2021/06/28,外資及陸資,318773,229055,324954,232803,-6181,-3748,133080,99402,493226,297140,-360146,-197738
2021/06/29,自營商,229867,41012,239760,37671,-9893,3341,232083,119322,233135,50051,-1052,69271
2021/06/29,投信,19,61,50,175,-31,-114,27861,74318,24333,66827,3528,7491
2021/06/29,外資及陸資,491142,317696,501885,316860,-10743,836,139657,103638,510549,300751,-370892,-197113
2021/06/30,自營商,357244,45747,331704,51632,25540,-5885,202637,119148,202113,55293,524,63855
2021/06/30,投信,670,2346,125,123,545,2223,27965,75727,23892,66018,4073,9709
2021/06/30,外資及陸資,445602,265895,440412,261017,5190,4878,142398,109126,508667,304855,-366269,-195729
2021/07/01,自營商,217267,42596,230453,41496,-13186,1100,227703,117013,240383,52266,-12680,64747
2021/07/01,投信,1011,223,395,1240,616,-1017,27794,74995,23105,66431,4689,8564
2021/07/01,外資及陸資,466183,359746,480008,367894,-13825,-8148,145289,106910,525320,311560,-380031,-204650
2021/07/02,自營商,164522,34494,167443,37726,-2921,-3232,235200,117550,250461,56183,-15261,61367
2021/07/02,投信,12,42,1,4,11,38,27803,75015,23103,66391,4700,8624
2021/07/02,外資及陸資,467253,336188,459739,326994,7514,9194,152605,109580,525104,304653,-372499,-195073
2021/07/05,自營商,238025,42960,235295,51716,2730,-8756,250446,117899,262905,64633,-12459,53266
2021/07/05,投信,972,3381,2,7,970,3374,28227,77483,22557,65382,5670,12101
2021/07/05,外資及陸資,499911,340890,501581,333883,-1670,7007,159475,115468,533665,306798,-374190,-191330
2021/07/06,自營商,196541,34247,207622,32593,-11081,1654,256053,116874,279590,61971,-23537,54903
2021/07/06,投信,2047,1071,131,450,1916,621,28143,77100,20557,64439,7586,12661
2021/07/06,外資及陸資,408315,269210,416479,276125,-8164,-6915,158872,112905,541196,310674,-382324,-197769
2021/07/07,自營商,389516,52126,394485,50840,-4969,1286,214704,115491,233167,59402,-18463,56089
2021/07/07,投信,14,11,463,1623,-449,-1612,27913,76072,20776,65046,7137,11026
2021/07/07,外資及陸資,544773,357975,535632,351637,9141,6338,154108,115503,526555,304869,-372447,-189366
2021/07/08,自營商,207445,44102,213098,44643,-5653,-541,238347,116447,263232,61150,-24885,55297
2021/07/08,投信,66,201,21,75,45,126,27954,76141,20772,65002,7182,11139
2021/07/08,外資及陸資,492208,368232,490667,367304,1541,928,158823,113681,529750,302736,-370927,-189055
2021/07/09,自營商,268120,55026,272561,56738,-4441,-1712,243893,114996,272961,61461,-29068,53535
2021/07/09,投信,0,0,381,1344,-381,-1344,27691,74530,20890,64835,6801,9695
2021/07/09,外資及陸資,508868,442570,517521,450121,-8653,-7551,161226,110629,540806,303871,-379580,-193242
2021/07/12,自營商,273660,55214,266386,59002,7274,-3788,259125,116916,280865,66688,-21740,50228
2021/07/12,投信,689,2454,0,0,689,2454,27940,76122,20450,63876,7490,12246
2021/07/12,外資及陸資,511789,376528,503556,372561,8233,3967,169348,109734,540719,300125,-371371,-190391
2021/07/13,自營商,328003,52906,314051,59833,13952,-6927,283545,116900,291106,72885,-7561,44015
2021/07/13,投信,14,48,11,39,3,9,27941,76343,20448,64054,7493,12289
2021/07/13,外資及陸資,526499,334947,520676,329495,5823,5452,174826,117759,540434,301709,-365608,-183950
2021/07/14,自營商,392820,60051,408776,54280,-15956,5771,219351,114358,236306,64188,-16955,50170
2021/07/14,投信,55,172,1251,4443,-1196,-4271,26745,72099,20448,64084,6297,8015
2021/07/14,外資及陸資,639571,354909,637769,351743,1802,3166,169924,116891,532754,296499,-362830,-179608
2021/07/15,自營商,223110,44229,227396,41841,-4286,2388,240682,118431,261921,65825,-21239,52606
2021/07/15,投信,426,1535,83,134,343,1401,26758,72903,20118,63417,6640,9486
2021/07/15,外資及陸資,398428,303984,397131,305468,1297,-1484,173903,115885,535442,299910,-361539,-184025
2021/07/16,自營商,246407,61877,263553,58293,-17146,3584,241487,119601,279670,64134,-38183,55467
2021/07/16,投信,2514,3897,2770,4962,-256,-1065,26720,72180,20336,63819,6384,8361
2021/07/16,外資及陸資,513762,395041,525765,409862,-12003,-14821,179281,117449,552820,316010,-373539,-198561
2021/07/19,自營商,281528,88794,304567,85579,-23039,3215,238844,121312,300231,63267,-61387,58045
2021/07/19,投信,22635,74536,22771,74956,-136,-420,26732,71255,20484,63377,6248,7878
2021/07/19,外資及陸資,574783,463507,577037,474005,-2254,-10498,184237,101975,554690,310269,-370453,-208294
2021/07/20,自營商,417395,94238,425970,98555,-8575,-4317,250380,119641,320337,66331,-69957,53310
2021/07/20,投信,18792,53907,19679,57001,-887,-3094,26497,69255,21136,64567,5361,4688
2021/07/20,外資及陸資,778597,555122,771831,560621,6766,-5499,197349,101927,561075,311499,-363726,-209572
2021/07/21,自營商,549270,109929,552954,108877,-3684,1052,142049,98564,179258,49596,-37209,48968
2021/07/21,投信,449,1278,608,2062,-159,-784,23586,68449,21285,64858,2301,3591
2021/07/21,外資及陸資,841703,468033,842289,463929,-586,4104,89780,81544,404508,277477,-314728,-195933
2021/07/22,自營商,239546,40393,226450,42952,13096,-2559,188851,100751,212978,54068,-24127,46683
2021/07/22,投信,376,1288,16,56,360,1232,23713,69389,21052,64538,2661,4851
2021/07/22,外資及陸資,502680,380718,499122,376615,3558,4103,113824,88990,424973,281659,-311149,-192669
2021/07/23,自營商,174419,37234,185039,39082,-10620,-1848,198809,101663,233571,56766,-34762,44897
2021/07/23,投信,688,2110,283,985,405,1125,23678,68958,20612,62989,3066,5969
2021/07/23,外資及陸資,471456,336212,477579,339892,-6123,-3680,115459,88183,432746,284957,-317287,-196774
2021/07/26,自營商,226131,43338,247685,39186,-21554,4152,204228,105838,260650,57328,-56422,48510
2021/07/26,投信,83,260,996,3377,-913,-3117,23111,66216,20958,63441,2153,2775
2021/07/26,外資及陸資,453566,312963,459859,314499,-6293,-1536,118566,86894,442140,282215,-323574,-195321
2021/07/27,自營商,282177,41044,265763,49303,16414,-8259,221516,102623,261502,62093,-39986,40530
2021/07/27,投信,59,198,124,420,-65,-222,23048,65859,20960,63331,2088,2528
2021/07/27,外資及陸資,555177,361378,544169,356217,11008,5161,126026,87673,438646,276306,-312620,-188633
2021/07/28,自營商,478089,89170,505991,87875,-27902,1295,168586,98910,219237,57502,-50651,41408
2021/07/28,投信,37,86,1779,6003,-1742,-5917,22420,62956,22075,66372,345,-3416
2021/07/28,外資及陸資,1013982,643127,1010954,633177,3028,9950,113647,82954,428244,259592,-314597,-176638
2021/07/29,自營商,212371,42024,198735,41306,13636,718,198280,102389,235023,59687,-36743,42702
2021/07/29,投信,1145,3959,2,7,1143,3952,22787,65539,21299,65078,1488,461
2021/07/29,外資及陸資,456396,392896,446397,374022,9999,18874,127625,98432,432244,260100,-304619,-161668
2021/07/30,自營商,175912,36465,180321,39404,-4409,-2939,197433,96693,238345,57220,-40912,39473
2021/07/30,投信,222,723,447,1535,-225,-812,22782,64923,21519,65278,1263,-355
2021/07/30,外資及陸資,458201,340796,463028,345133,-4827,-4337,128091,91733,437507,255539,-309416,-163806
2021/08/02,自營商,260275,53773,264104,53959,-3829,-186,203538,97835,248125,57841,-44587,39994
2021/08/02,投信,903,3147,0,0,903,3147,23133,67249,20967,64463,2166,2786
2021/08/02,外資及陸資,497547,403081,491249,404109,6298,-1028,137324,100724,440475,268908,-303151,-168184
2021/08/03,自營商,190198,39892,198638,37604,-8440,2288,209858,99517,262841,57238,-52983,42279
2021/08/03,投信,47,157,79,276,-32,-119,23064,67060,20930,64390,2134,2670
2021/08/03,外資及陸資,451169,299280,456610,297531,-5441,1749,134612,99184,443231,265922,-308619,-166738
2021/08/04,自營商,312728,41893,301225,42104,11503,-211,190308,100643,238331,58329,-48023,42314
2021/08/04,投信,424,1424,7,0,417,1424,23257,68037,20706,63931,2551,4106
2021/08/04,外資及陸資,450943,269078,448709,262845,2234,6233,132222,105357,442005,266811,-309783,-161454
2021/08/05,自營商,109012,21444,120045,22669,-11033,-1225,194986,98104,254043,57178,-59057,40926
2021/08/05,投信,184,639,124,413,60,226,23245,67911,20634,63584,2611,4327
2021/08/05,外資及陸資,306588,197228,328457,214709,-21869,-17481,128626,97529,460281,276172,-331655,-178643
2021/08/06,自營商,190481,46715,195173,45901,-4692,814,202517,98341,266188,56868,-63671,41473
2021/08/06,投信,9,8,464,1618,-455,-1610,23116,67035,20951,64314,2165,2721
2021/08/06,外資及陸資,414804,332020,411010,322591,3794,9429,134771,96464,462629,264545,-327858,-168081
2021/08/09,自營商,220379,47476,220645,49531,-266,-2055,214345,97682,278234,58115,-63889,39567
2021/08/09,投信,94,314,493,1715,-399,-1401,23133,66960,21367,65645,1766,1315
2021/08/09,外資及陸資,453229,338168,443231,328111,9998,10057,141463,98983,459336,256305,-317873,-157322
2021/08/10,自營商,259168,44785,265403,45334,-6235,-549,227155,98955,297258,60179,-70103,38776
2021/08/10,投信,26,70,527,1823,-501,-1753,22990,66038,21725,66477,1265,-439
2021/08/10,外資及陸資,449844,279999,448318,288936,1526,-8937,145152,97088,461499,261761,-316347,-164673
2021/08/11,自營商,456090,62878,468004,63738,-11914,-860,195581,95039,254179,57277,-58598,37762
2021/08/11,投信,132,367,337,1130,-205,-763,23006,65571,21946,66770,1060,-1199
2021/08/11,外資及陸資,626687,378264,623719,391400,2968,-13136,141821,88568,454145,265103,-312324,-176535
2021/08/12,自營商,160692,32076,157729,33719,2963,-1643,207766,94175,263447,58287,-55681,35888
2021/08/12,投信,100,328,68,233,32,95,23038,65606,21946,66713,1092,-1107
2021/08/12,外資及陸資,391848,298390,391908,294520,-60,3870,150834,93962,463215,266722,-312381,-172760
2021/08/13,自營商,250313,56430,256920,57381,-6607,-951,211772,95695,274068,60927,-62296,34768
2021/08/13,投信,3409,6602,3767,7842,-358,-1240,22984,64562,22250,66892,734,-2330
2021/08/13,外資及陸資,523831,396659,519007,402823,4824,-6164,157654,91634,464143,267602,-306489,-175968
2021/08/16,自營商,324943,72070,323563,74001,1380,-1931,226340,92160,287309,59470,-60969,32690
2021/08/16,投信,21435,67204,21740,68176,-305,-972,22858,63363,22429,66639,429,-3276
2021/08/16,外資及陸資,693496,481192,675554,458607,17942,22585,168760,99916,457281,252163,-288521,-152247
2021/08/17,自營商,314396,70109,310982,70640,3414,-531,235542,89659,291228,57680,-55686,31979
2021/08/17,投信,20090,55449,20212,56090,-122,-641,22989,62906,22682,66804,307,-3898
2021/08/17,外資及陸資,627918,429487,626168,425200,1750,4287,176992,101699,463754,247672,-286762,-145973
2021/08/18,自營商,582093,99163,569407,95356,12686,3807,152524,78917,151793,33439,731,45478
2021/08/18,投信,1206,3778,359,961,847,2817,23155,64298,22001,65436,1154,-1138
2021/08/18,外資及陸資,856978,493761,846977,495557,10001,-1796,90357,77397,343030,224304,-252673,-146907
2021/08/19,自營商,349227,57307,346755,63924,2472,-6617,193574,76914,190309,39088,3265,37826
2021/08/19,投信,10,33,1425,4486,-1415,-4453,22662,61432,22923,66994,-261,-5562
2021/08/19,外資及陸資,578807,496568,591032,491286,-12225,5282,111815,80719,376710,217951,-264895,-137232
2021/08/20,自營商,353825,62677,350428,63507,3397,-830,210869,78366,204351,41907,6518,36459
2021/08/20,投信,53,101,285,924,-232,-823,22638,60737,23131,67077,-493,-6340
2021/08/20,外資及陸資,657988,602792,651089,588557,6899,14235,120740,81961,378736,203983,-257996,-122022
2021/08/23,自營商,334515,51597,324054,49568,10461,2029,227822,83304,210532,43728,17290,39576
2021/08/23,投信,1571,5239,9,30,1562,5209,23094,64081,22025,65409,1069,-1328
2021/08/23,外資及陸資,498878,373166,492474,373110,6404,56,136904,92211,388523,218142,-251619,-125931
2021/08/24,自營商,260331,34309,254419,37048,5912,-2739,236644,83180,213378,46094,23266,37086
2021/08/24,投信,263,852,0,0,263,852,23207,64833,21875,65312,1332,-479
2021/08/24,外資及陸資,434486,273616,433808,271861,678,1755,142765,95830,393730,220449,-250965,-124619
2021/08/25,自營商,428381,47854,404638,47950,23743,-96,204852,82263,183114,44992,21738,37271
2021/08/25,投信,659,2169,8,3,651,2166,23420,66208,21437,64531,1983,1677
2021/08/25,外資及陸資,450987,286744,454885,283642,-3898,3102,138029,104193,394709,227322,-256680,-123129
2021/08/26,自營商,226352,46214,246825,40749,-20473,5465,209481,84661,208203,41762,1278,42899
2021/08/26,投信,9,23,126,428,-117,-405,23301,65925,21435,64657,1866,1268
2021/08/26,外資及陸資,420096,374216,424613,375006,-4517,-790,139096,93338,400311,217396,-261215,-124058
2021/08/27,自營商,244216,42144,236099,50599,8117,-8455,222279,81765,212727,46914,9552,34851
2021/08/27,投信,630,2164,921,3164,-291,-1000,22470,63756,20895,63479,1575,277
2021/08/27,外資及陸資,400960,353015,392326,340302,8634,12713,145363,99876,397947,212088,-252584,-112212
2021/08/30,自營商,253690,37269,254074,37246,-384,23,229516,83966,216492,47596,13024,36370
2021/08/30,投信,821,2809,5,17,816,2792,22657,64968,20266,61903,2391,3065
2021/08/30,外資及陸資,348599,277356,360883,283951,-12284,-6595,149368,96787,414242,216714,-264874,-119927
2021/08/31,自營商,334947,54702,340876,56138,-5929,-1436,235381,85750,228054,50525,7327,35225
2021/08/31,投信,591,2062,9,28,582,2034,22723,65652,19750,60532,2973,5120
2021/08/31,外資及陸資,467166,353307,466999,352007,167,1300,156973,116448,421698,235537,-264725,-119089
2021/09/01,自營商,360279,53410,373339,52052,-13060,1358,201458,83181,201413,46470,45,36711
2021/09/01,投信,69,217,50,135,19,82,22730,65777,19738,60559,2992,5218
2021/09/01,外資及陸資,507171,328785,519635,337956,-12464,-9171,147878,113366,423834,241371,-275956,-128005
2021/09/02,自營商,249682,47591,249679,48846,3,-1255,226650,81069,226192,45955,458,35114
2021/09/02,投信,4,14,373,1292,-369,-1278,22585,64705,19962,60807,2623,3898
2021/09/02,外資及陸資,424183,363740,423618,348690,565,15050,148683,111343,424044,223303,-275361,-111960
2021/09/03,自營商,251152,44235,237541,46662,13611,-2427,248900,85243,234807,52140,14093,33103
2021/09/03,投信,352,1232,269,595,83,637,22332,64881,19626,60309,2706,4572
2021/09/03,外資及陸資,405790,323191,405309,335822,481,-12631,155489,110151,430378,236287,-274889,-126136
2021/09/06,自營商,288795,46715,271750,48261,17045,-1546,262391,84546,231098,53022,31293,31524
2021/09/06,投信,29,76,256,888,-227,-812,22311,64771,19832,61007,2479,3764
2021/09/06,外資及陸資,520860,373425,514875,360110,5985,13315,164891,114662,433786,226980,-268895,-112318
2021/09/07,自營商,313006,47837,329384,47918,-16378,-81,266167,86340,251218,54986,14949,31354
2021/09/07,投信,7,18,791,2751,-784,-2733,21532,61797,19837,60781,1695,1016
2021/09/07,外資及陸資,438510,318834,439914,316593,-1404,2241,164907,110240,435209,220006,-270302,-109766
2021/09/08,自營商,495383,68912,518092,67733,-22709,1179,242190,81248,207694,48876,34496,32372
2021/09/08,投信,47,107,865,2960,-818,-2853,21257,60241,20380,62089,877,-1848
2021/09/08,外資及陸資,618395,399937,611034,394096,7361,5841,165728,112853,427213,215347,-261485,-102494
2021/09/09,自營商,247574,56644,250827,54213,-3253,2431,248271,83796,216743,49074,31528,34722
2021/09/09,投信,94,207,838,2771,-744,-2564,20513,57598,20380,62007,133,-4409
2021/09/09,外資及陸資,490860,440099,483048,436447,7812,3652,170997,113976,429167,212953,-258170,-98977
2021/09/10,自營商,250528,56643,244866,55639,5662,1004,260824,89240,223685,53042,37139,36198
2021/09/10,投信,3007,5566,2425,3516,582,2050,20597,58678,19882,61098,715,-2420
2021/09/10,外資及陸資,432470,347868,444635,356196,-12165,-8328,178373,120536,448720,229394,-270347,-108858
2021/09/13,自營商,222739,63789,232881,60559,-10142,3230,262862,95685,235694,56422,27168,39263
2021/09/13,投信,19009,61504,19149,61952,-140,-448,20572,58367,19997,61233,575,-2866
2021/09/13,外資及陸資,469711,389179,478555,398614,-8844,-9435,183333,115727,462545,233470,-279212,-117743
2021/09/14,自營商,275009,62343,253211,66095,21798,-3752,287458,92339,238544,56712,48914,35627
2021/09/14,投信,18843,54057,18624,53630,219,427,20680,58731,19887,61189,793,-2458
2021/09/14,外資及陸資,486067,396991,489001,394173,-2934,2818,188035,121715,470202,236316,-282167,-114601
2021/09/15,自營商,439156,88945,449487,88622,-10331,323,161995,81360,117909,31910,44086,49450
2021/09/15,投信,331,820,1330,4534,-999,-3714,19841,55478,20099,61647,-258,-6169
2021/09/15,外資及陸資,523136,351432,525876,343167,-2740,8265,84255,86107,328978,195123,-244723,-109016
2021/09/16,自營商,164116,34976,171880,33070,-7764,1906,185722,83718,149205,32605,36517,51113
2021/09/16,投信,4,14,317,1067,-313,-1053,19749,54923,20320,62119,-571,-7196
2021/09/16,外資及陸資,276400,233485,299504,248050,-23104,-14565,95274,83947,363104,206903,-267830,-122956
2021/09/17,自營商,229490,42779,218625,47591,10865,-4812,200389,84101,152864,37685,47525,46416
2021/09/17,投信,74,256,0,0,74,256,19801,55244,20298,62199,-497,-6955
2021/09/17,外資及陸資,332167,305021,330545,296511,1622,8510,106853,93773,373070,208675,-266217,-114902
2021/09/22,自營商,377683,67390,426006,59473,-48323,7917,184917,89422,145191,36069,39726,53353
2021/09/22,投信,13,17,1974,6646,-1961,-6629,18540,49736,20998,63159,-2458,-13423
2021/09/22,外資及陸資,453268,354725,466875,367973,-13607,-13248,102615,85549,377581,210890,-274966,-125341
2021/09/23,自營商,188172,39364,176330,40011,11842,-647,209514,91036,158288,37871,51226,53165
2021/09/23,投信,481,1643,49,148,432,1495,18672,50711,20698,62785,-2026,-12074
2021/09/23,外資及陸資,308499,290683,311147,284985,-2648,5698,115342,94720,393034,215555,-277692,-120835
2021/09/24,自營商,180858,35773,173945,38405,6913,-2632,222473,90090,164327,38932,58146,51158
2021/09/24,投信,488,1682,39,134,449,1548,18743,51459,20320,62108,-1577,-10649
2021/09/24,外資及陸資,302517,263514,302337,267876,180,-4362,129239,98786,406721,225532,-277482,-126746
2021/09/27,自營商,190965,38429,192576,36671,-1611,1758,235026,94645,178448,41387,56578,53258
2021/09/27,投信,26,90,11,22,15,68,18748,51630,20310,62237,-1562,-10607
2021/09/27,外資及陸資,316683,253329,322200,264573,-5517,-11244,138261,102440,421335,240840,-283074,-138400
2021/09/28,自營商,237991,46841,254280,44775,-16289,2066,243702,96088,203465,41217,40237,54871
2021/09/28,投信,11,38,885,3032,-874,-2994,17996,48688,20432,62214,-2436,-13526
2021/09/28,外資及陸資,354269,276976,359308,270558,-5039,6418,148449,95721,431936,226279,-283487,-130558
2021/09/29,自營商,429344,75497,466581,71816,-37237,3681,207887,98702,175319,41017,32568,57685
2021/09/29,投信,177,567,1507,5025,-1330,-4458,17539,46163,21305,63867,-3766,-17704
2021/09/29,外資及陸資,567109,424758,579148,433047,-12039,-8289,140994,93048,437987,228918,-296993,-135870
2021/09/30,自營商,238780,52248,237165,50764,1615,1484,225398,100886,191121,41478,34277,59408
2021/09/30,投信,539,1824,5,17,534,1807,17746,47132,20978,63136,-3232,-16004
2021/09/30,外資及陸資,394875,386077,389845,378157,5030,7920,159675,101621,451692,230287,-292017,-128666
2021/10/01,自營商,308745,64810,319676,65006,-10931,-196,238938,102469,215276,44478,23662,57991
2021/10/01,投信,169,555,1261,4166,-1092,-3611,17652,45729,21975,64948,-4323,-19219
2021/10/01,外資及陸資,510153,464878,518936,457516,-8783,7362,170296,113530,471081,231484,-300785,-117954
2021/10/04,自營商,311017,58938,324555,60271,-13538,-1333,246821,100851,236728,44688,10093,56163
2021/10/04,投信,184,603,37,118,147,485,17816,45855,21992,64405,-4176,-18550
2021/10/04,外資及陸資,592586,491506,583471,481883,9115,9623,176703,116735,468370,223502,-291667,-106767
2021/10/05,自營商,357134,66163,363860,62694,-6726,3469,260127,103855,256962,44109,3165,59746
2021/10/05,投信,453,1486,27,88,426,1398,18169,47089,21919,64284,-3750,-17195
2021/10/05,外資及陸資,694160,497452,708286,520050,-14126,-22598,185160,105311,490941,235006,-305781,-129695
2021/10/06,自營商,437412,58869,431495,56880,5917,1989,236129,101218,200643,39594,35486,61624
2021/10/06,投信,129,379,113,340,16,39,18182,47035,21917,64159,-3735,-17124
2021/10/06,外資及陸資,569467,386381,558967,371687,10500,14694,177812,111647,475585,226035,-297773,-114388
2021/10/07,自營商,270430,57099,261928,64702,8502,-7603,255324,101400,211398,46169,43926,55231
2021/10/07,投信,1145,3810,7,6,1138,3804,18488,49016,21085,62688,-2597,-13672
2021/10/07,外資及陸資,457365,422764,451600,434285,5765,-11521,190100,111727,482087,240282,-291987,-128555
2021/10/08,自營商,204384,36970,214005,34966,-9621,2004,263659,104858,229302,47918,34357,56940
2021/10/08,投信,10,33,329,1094,-319,-1061,18390,48480,21306,63138,-2916,-14658
2021/10/08,外資及陸資,358980,285801,365273,298665,-6293,-12864,199425,104352,497705,245011,-298280,-140659
2021/10/12,自營商,312692,56554,317610,59095,-4918,-2541,278307,106969,249315,53276,28992,53693
2021/10/12,投信,52,171,620,2036,-568,-1865,18273,47507,21757,63845,-3484,-16338
2021/10/12,外資及陸資,524856,410380,508402,388107,16454,22273,215395,109534,497206,225746,-281811,-116212
2021/10/13,自營商,421539,54479,437937,56181,-16398,-1702,231211,102405,207482,50634,23729,51771
2021/10/13,投信,169,526,290,921,-121,-395,18286,47276,21891,63904,-3605,-16628
2021/10/13,外資及陸資,565584,330716,565255,342471,329,-11755,206512,104638,494733,231493,-288221,-126855
2021/10/14,自營商,185150,39049,186527,38999,-1377,50,237099,101472,215144,49465,21955,52007
2021/10/14,投信,86,283,39,128,47,155,18322,47623,21880,64183,-3558,-16560
2021/10/14,外資及陸資,416066,330103,403564,318352,12502,11751,218220,117091,493939,232888,-275719,-115797
2021/10/15,自營商,263976,59131,247719,53788,16257,5343,251138,106297,212642,47575,38496,58722
2021/10/15,投信,3766,8083,2269,3062,1497,5021,18853,50510,20914,62438,-2061,-11928
2021/10/15,外資及陸資,460219,344621,453371,347002,6848,-2381,229517,118987,498502,240002,-268985,-121015
2021/10/18,自營商,234032,67332,234536,69058,-504,-1726,258103,106924,219586,50200,38517,56724
2021/10/18,投信,20194,62814,20048,62311,146,503,18965,50633,20880,62027,-1915,-11394
2021/10/18,外資及陸資,533661,357956,536700,363503,-3039,-5547,239508,123068,511505,248908,-271997,-125840
2021/10/19,自營商,273912,74854,258760,79146,15152,-4292,288622,106150,234020,52967,54602,53183
2021/10/19,投信,17433,48078,16708,45577,725,2501,19341,52519,20531,61539,-1190,-9020
2021/10/19,外資及陸資,478783,356234,471749,350908,7034,5326,243177,124225,508128,246323,-264951,-122098
2021/10/20,自營商,331132,65812,341468,59550,-10336,6262,162135,91978,109542,28847,52593,63131
2021/10/20,投信,388,1096,156,334,232,762,19572,53302,20530,61565,-958,-8263
2021/10/20,外資及陸資,441420,261421,448250,268222,-6830,-6801,118265,92383,362770,206870,-244505,-114487
2021/10/21,自營商,209917,43069,212670,42157,-2753,912,187133,94597,137422,30765,49711,63832
2021/10/21,投信,64,216,1315,4376,-1251,-4160,18306,48874,20515,61256,-2209,-12382
2021/10/21,外資及陸資,337988,284857,350375,293151,-12387,-8294,130553,100247,387361,222614,-256808,-122367
2021/10/22,自營商,153985,32818,158952,31890,-4967,928,191347,95007,146678,30109,44669,64898
2021/10/22,投信,18,61,107,338,-89,-277,18215,48708,20513,61391,-2298,-12683
2021/10/22,外資及陸資,313399,260092,315959,266493,-2560,-6401,134761,99626,394120,228622,-259359,-128996
2021/10/25,自營商,191405,36643,196261,37059,-4856,-416,202302,95811,162345,31215,39957,64596
2021/10/25,投信,40,135,67,208,-27,-73,18190,48736,20515,61520,-2325,-12784
2021/10/25,外資及陸資,369752,284106,373175,279807,-3423,4299,139908,100063,398484,225218,-258576,-125155
2021/10/26,自營商,241032,38867,227040,42892,13992,-4025,225074,98468,171249,37301,53825,61167
2021/10/26,投信,380,1277,21,61,359,1216,18266,49425,20232,61114,-1966,-11689
2021/10/26,外資及陸資,349165,246670,361183,256060,-12018,-9390,145238,104416,415871,240056,-270633,-135640
2021/10/27,自營商,299266,45086,316360,36070,-17094,9016,180396,101365,150846,30874,29550,70491
2021/10/27,投信,18,38,95,293,-77,-255,18186,49213,20229,61178,-2043,-11965
2021/10/27,外資及陸資,363091,227728,369777,233509,-6686,-5781,135602,102416,406444,244055,-270842,-141639
2021/10/28,自營商,145235,28841,147526,29368,-2291,-527,193090,102099,165834,32216,27256,69883
2021/10/28,投信,0,0,119,405,-119,-405,18070,48723,20232,61073,-2162,-12350
2021/10/28,外資及陸資,291088,239624,301572,240706,-10484,-1082,144078,103296,425404,245689,-281326,-142393
2021/10/29,自營商,193143,41818,202451,38493,-9308,3325,204356,107242,186292,34493,18064,72749
2021/10/29,投信,0,0,264,894,-264,-894,17970,48107,20396,61278,-2426,-13171
2021/10/29,外資及陸資,351101,293185,367044,300647,-15943,-7462,145732,99119,442988,248435,-297256,-149316
2021/11/01,自營商,201194,32556,196607,33726,4587,-1170,222135,108441,199553,36401,22582,72040
2021/11/01,投信,323,1103,7,24,316,1079,18063,48785,20173,60983,-2110,-12198
2021/11/01,外資及陸資,308065,241023,304183,231361,3882,9662,150898,104040,444272,244789,-293374,-140749
2021/11/02,自營商,296724,46652,297162,50191,-438,-3539,236015,109718,213873,41284,22142,68434
2021/11/02,投信,4,13,156,532,-152,-519,18022,48558,20284,61258,-2262,-12700
2021/11/02,外資及陸資,400861,256171,407410,258324,-6549,-2153,156804,109214,456764,252097,-299960,-142883
2021/11/03,自營商,275348,32194,274073,32405,1275,-211,195026,106163,179974,37780,15052,68383
2021/11/03,投信,92,291,25,62,67,229,18079,48865,20274,61372,-2195,-12507
2021/11/03,外資及陸資,344455,199607,345976,194542,-1521,5065,156033,107202,451580,245913,-295547,-138711
2021/11/04,自營商,203149,35553,203484,37464,-335,-1911,211329,105756,196576,39411,14753,66345
2021/11/04,投信,352,1202,11,38,341,1164,18099,48878,19953,60203,-1854,-11325
2021/11/04,外資及陸資,287101,241179,298658,249577,-11557,-8398,159867,106751,466955,253231,-307088,-146480
2021/11/05,自營商,220173,39927,216854,36754,3319,3173,220509,108203,202460,37787,18049,70416
2021/11/05,投信,635,2193,123,422,512,1771,18136,49577,19478,59268,-1342,-9691
2021/11/05,外資及陸資,330592,245694,321136,231540,9456,14154,177157,120493,474820,254979,-297663,-134486
2021/11/08,自營商,244883,36961,235990,39805,8893,-2844,237836,107746,210815,39530,27021,68216
2021/11/08,投信,335,1161,1,3,334,1158,18250,50412,19258,59037,-1008,-8625
2021/11/08,外資及陸資,356504,243568,350194,226165,6310,17403,182254,130954,473553,249732,-291299,-118778
2021/11/09,自營商,296723,43833,281416,48504,15307,-4671,265235,105938,222885,41934,42350,64004
2021/11/09,投信,489,1681,96,326,393,1355,18322,51012,18939,58355,-617,-7343
2021/11/09,外資及陸資,405911,248746,401180,238947,4731,9799,185401,131356,477180,241088,-291779,-109732
2021/11/10,自營商,307557,50876,325282,44940,-17725,5936,213323,107796,199846,38106,13477,69690
2021/11/10,投信,576,1950,98,316,478,1634,18520,51663,18659,57372,-139,-5709
2021/11/10,外資及陸資,426912,229540,446365,246533,-19453,-16993,179974,122272,489225,248742,-309251,-126470
2021/11/11,自營商,198395,45714,206956,49368,-8561,-3654,218779,107246,213143,41469,5636,65777
2021/11/11,投信,654,2256,209,730,445,1526,18678,51944,18372,56091,306,-4147
2021/11/11,外資及陸資,387232,279409,394389,288326,-7157,-8917,183611,119776,499910,253935,-316299,-134159
2021/11/12,自營商,227367,50897,218803,50795,8564,102,229393,105861,215285,39676,14108,66185
2021/11/12,投信,2289,3352,2235,3165,54,187,18725,52315,18365,56290,360,-3975
2021/11/12,外資及陸資,412659,298838,411206,292858,1453,5980,193373,128917,508228,257778,-314855,-128861
2021/11/15,自營商,259372,68368,251068,72076,8304,-3708,249601,103742,227173,40703,22428,63039
2021/11/15,投信,18432,59883,18171,58889,261,994,18667,52508,18046,55518,621,-3010
2021/11/15,外資及陸資,515731,377683,522873,372650,-7142,5033,201135,143665,523088,268656,-321953,-124991
2021/11/16,自營商,241475,68106,225609,76314,15866,-8208,271290,102073,232952,47172,38338,54901
2021/11/16,投信,15633,43978,15552,43733,81,245,18731,52820,18029,55594,702,-2774
2021/11/16,外資及陸資,521002,318103,518544,316143,2458,1960,223364,147147,542822,270563,-319458,-123416
2021/11/17,自營商,291929,70391,289843,71004,2086,-613,161081,91486,137665,31408,23416,60078
2021/11/17,投信,379,1119,88,259,291,860,18192,51310,17879,55303,313,-3993
2021/11/17,外資及陸資,393034,241452,402441,237401,-9407,4051,126553,113367,404210,227604,-277657,-114237
2021/11/18,自營商,161173,33249,162010,36430,-837,-3181,190331,93368,167748,35933,22583,57435
2021/11/18,投信,215,765,128,429,87,336,18118,51354,17718,55041,400,-3687
2021/11/18,外資及陸資,317581,232396,336667,246919,-19086,-14523,148382,118616,445204,248226,-296822,-129610
2021/11/19,自營商,166032,33758,181065,33102,-15033,656,200088,93928,192596,35818,7492,58110
2021/11/19,投信,0,0,131,468,-131,-468,17988,50893,17719,55040,269,-4147
2021/11/19,外資及陸資,342436,230594,365014,245592,-22578,-14998,147718,112445,467073,257107,-319355,-144662
2021/11/22,自營商,155950,26162,158651,29179,-2701,-3017,208122,93780,203456,38778,4666,55002
2021/11/22,投信,0,0,1,4,-1,-4,17987,50832,17719,54974,268,-4142
2021/11/22,外資及陸資,354392,220390,354473,217510,-81,2880,161336,125835,480878,267845,-319542,-142010
2021/11/23,自營商,253428,55209,282911,53596,-29483,1613,207140,96286,232487,40135,-25347,56151
2021/11/23,投信,2,7,476,1671,-474,-1664,17843,49843,18049,55605,-206,-5762
2021/11/23,外資及陸資,453554,294731,460323,299312,-6769,-4581,161009,121189,487313,266048,-326304,-144859
2021/11/24,自營商,296370,49693,297820,50166,-1450,-473,177495,94691,197330,38891,-19835,55800
2021/11/24,投信,13,5,70,209,-57,-204,17786,49669,18049,55642,-263,-5973
2021/11/24,外資及陸資,458440,257690,455023,257271,3417,419,161711,126927,481517,271613,-319806,-144686
2021/11/25,自營商,116443,27521,130438,25186,-13995,2335,184174,97051,217810,39004,-33636,58047
2021/11/25,投信,2,2,23,52,-21,-50,17765,49593,18049,55615,-284,-6022
2021/11/25,外資及陸資,285419,222674,301545,234751,-16126,-12077,166033,123972,501958,280763,-335925,-156791
2021/11/26,自營商,275659,53958,263991,56925,11668,-2967,197744,93865,219558,39843,-21814,54022
2021/11/26,投信,558,1854,925,3208,-367,-1354,18051,49583,18702,56845,-651,-7262
2021/11/26,外資及陸資,421406,316066,417012,311412,4394,4654,171093,118377,498528,267274,-327435,-148897
2021/11/29,自營商,351513,58514,336540,61415,14973,-2901,221336,90887,228093,39817,-6757,51070
2021/11/29,投信,50,173,5,17,45,156,18101,49678,18707,56766,-606,-7088
2021/11/29,外資及陸資,537737,420644,525017,410084,12720,10560,185091,127432,499784,265862,-314693,-138430
2021/11/30,自營商,321748,64460,316556,56805,5192,7655,242009,99214,243498,40653,-1489,58561
2021/11/30,投信,102,352,51,167,51,185,18179,50000,18734,56909,-555,-6909
2021/11/30,外資及陸資,508017,324542,529180,344354,-21163,-19812,187587,120927,523433,279568,-335846,-158641
2021/12/01,自營商,496791,65029,462183,67512,34608,-2483,197348,97147,203612,40404,-6264,56743
2021/12/01,投信,702,2440,95,277,607,2163,18294,51168,18242,56022,52,-4854
2021/12/01,外資及陸資,611879,393686,602589,386473,9290,7213,189021,128447,513662,281923,-324641,-153476
2021/12/02,自營商,233967,50135,215279,52799,18688,-2664,222840,96855,210193,42223,12647,54632
2021/12/02,投信,293,1034,64,223,229,811,18363,51801,18082,55877,281,-4076
2021/12/02,外資及陸資,428515,370867,444962,372648,-16447,-1781,190147,125068,531267,281628,-341120,-156560
2021/12/03,自營商,187630,41026,195683,39062,-8053,1964,229399,99264,224790,42761,4609,56503
2021/12/03,投信,62,220,56,195,6,25,18364,51804,18077,55853,287,-4049
2021/12/03,外資及陸資,406698,323797,408325,327939,-1627,-4142,195746,124478,538475,285537,-342729,-161059
2021/12/06,自營商,211104,52848,228023,49424,-16919,3424,237510,105024,249899,45152,-12389,59872
2021/12/06,投信,76,269,82,290,-6,-21,18360,51728,18079,55806,281,-4078
2021/12/06,外資及陸資,429257,331259,450409,345590,-21152,-14331,193812,127693,557646,303237,-363834,-175544
2021/12/07,自營商,290997,55733,294517,50908,-3520,4825,251742,110191,267748,45128,-16006,65063
2021/12/07,投信,1387,4930,39,122,1348,4808,19604,56462,17975,55758,1629,704
2021/12/07,外資及陸資,466455,301185,466943,308384,-488,-7199,193094,122334,557416,305972,-364322,-183638
2021/12/08,自營商,392329,60005,362454,64978,29875,-4973,220888,100308,217358,39975,3530,60333
2021/12/08,投信,629,2225,14,25,615,2200,20172,58676,17928,55765,2244,2911
2021/12/08,外資及陸資,537690,303076,532075,291634,5615,11442,193342,125920,549561,298676,-356219,-172756
2021/12/09,自營商,198252,39981,195685,41473,2567,-1492,234523,100800,228399,41810,6124,58990
2021/12/09,投信,112,393,40,136,72,257,20249,59136,17933,55954,2316,3182
2021/12/09,外資及陸資,409038,258675,413071,256055,-4033,2620,197784,130259,558004,300796,-360220,-170537
2021/12/10,自營商,176101,42369,181545,38410,-5444,3959,241267,104921,240517,42262,750,62659
2021/12/10,投信,2283,3366,2227,3166,56,200,20306,59037,17934,55671,2372,3366
2021/12/10,外資及陸資,390567,254516,400943,266846,-10376,-12330,197897,123904,568503,305546,-370606,-181642
2021/12/13,自營商,251123,64552,247130,64145,3993,407,251356,107887,245390,45025,5966,62862
2021/12/13,投信,18582,60972,18795,61791,-213,-819,20303,58637,18144,56096,2159,2541
2021/12/13,外資及陸資,497289,394545,505115,393226,-7826,1319,198140,133170,576610,312689,-378470,-179519
2021/12/14,自營商,290185,85689,293160,85214,-2975,475,257656,113399,254918,50502,2738,62897
2021/12/14,投信,16993,48695,17287,49667,-294,-972,20439,58623,18574,57080,1865,1543
2021/12/14,外資及陸資,626470,423389,621086,425176,5384,-1787,215668,129748,588716,309124,-373048,-179376
2021/12/15,自營商,339698,71347,322301,76562,17397,-5215,172981,90813,120028,29464,52953,61349
2021/12/15,投信,484,1523,88,136,396,1387,20340,58509,18579,57263,1761,1246
2021/12/15,外資及陸資,567484,302304,568083,295365,-599,6939,113650,103347,435054,268013,-321404,-164666
2021/12/16,自營商,177776,33889,185143,32731,-7367,1158,191896,93245,146196,30034,45700,63211
2021/12/16,投信,664,2364,31,110,633,2254,20534,59887,18140,56374,2394,3513
2021/12/16,外資及陸資,301728,256771,313553,261941,-11825,-5170,125637,106000,458865,277895,-333228,-171895
2021/12/17,自營商,174057,27387,167462,33309,6595,-5922,210687,91616,157746,34346,52941,57270
2021/12/17,投信,55,196,38,94,17,102,20552,59926,18141,56326,2411,3600
2021/12/17,外資及陸資,319908,257165,323357,255251,-3449,1914,135933,110408,471993,279940,-336060,-169532
2021/12/20,自營商,231813,46399,260058,40552,-28245,5847,208532,95498,183732,33030,24800,62468
2021/12/20,投信,0,0,478,1681,-478,-1681,20358,58555,18425,56675,1933,1880
2021/12/20,外資及陸資,390586,315775,399040,324829,-8454,-9054,142005,106985,486486,283679,-344481,-176694
2021/12/21,自營商,296891,39817,279963,44293,16928,-4476,226749,96894,184931,38247,41818,58647
2021/12/21,投信,528,1879,15,53,513,1826,20541,59904,18095,56180,2446,3724
2021/12/21,外資及陸資,405248,302598,394111,290257,11137,12341,148247,112562,481633,278748,-333386,-166186
2021/12/22,自營商,227953,32399,232591,27260,-4638,5139,191663,96966,156385,33141,35278,63825
2021/12/22,投信,73,223,17,39,56,184,20587,60168,18085,56252,2502,3916
2021/12/22,外資及陸資,291167,180980,302164,179959,-10997,1021,136708,107987,477384,273314,-340676,-165327
2021/12/23,自營商,154997,31746,153935,30734,1062,1012,209095,99435,172731,34206,36364,65229
2021/12/23,投信,238,854,189,678,49,176,20420,59967,17869,55848,2551,4119
2021/12/23,外資及陸資,230839,202971,228143,197472,2696,5499,145022,115301,483019,276296,-337997,-160995
2021/12/24,自營商,126309,21189,125190,24181,1119,-2992,213408,97744,175806,35426,37602,62318
2021/12/24,投信,10,36,6,9,4,27,20424,60015,17869,55872,2555,4143
2021/12/24,外資及陸資,183055,140653,182383,143702,672,-3049,151028,118386,488356,282546,-337328,-164160
2021/12/27,自營商,159736,24697,150513,26261,9223,-1564,221874,98231,175003,37037,46871,61194
2021/12/27,投信,315,1138,116,406,199,732,20408,60351,17654,55451,2754,4900
2021/12/27,外資及陸資,185803,145651,182558,139314,3245,6337,158156,129199,492240,288062,-334084,-158863
2021/12/28,自營商,187580,27177,184437,30521,3143,-3344,235022,98633,184831,40246,50191,58387
2021/12/28,投信,264,950,5,18,259,932,20499,61125,17486,55259,3013,5866
2021/12/28,外資及陸資,239958,177592,241784,175118,-1826,2474,163601,139940,499522,297709,-335921,-157769
2021/12/29,自營商,268695,37644,258684,33899,10011,3745,205723,99824,174414,37608,31309,62216
2021/12/29,投信,269,961,35,106,234,855,20577,61634,17330,54900,3247,6734
2021/12/29,外資及陸資,274333,165188,282486,172649,-8153,-7461,158234,144001,498583,309531,-340349,-165530
2021/12/30,自營商,121387,25327,128442,23261,-7055,2066,215754,100987,191533,36926,24221,64061
2021/12/30,投信,169,609,143,510,26,99,20668,61758,17395,54943,3273,6815
2021/12/30,外資及陸資,187017,152379,200189,166685,-13172,-14306,157899,133473,511426,312809,-353527,-179336
2022/01/03,自營商,247617,47133,241905,47866,5712,-733,231798,103638,202747,41122,29051,62516
2022/01/03,投信,206,742,14,51,192,691,20741,62253,17276,54722,3465,7531
2022/01/03,外資及陸資,347764,273252,344388,270314,3376,2938,171460,135146,521658,311946,-350198,-176800
2022/01/04,自營商,333145,53639,323314,50877,9831,2762,257623,110265,218648,44037,38975,66228
2022/01/04,投信,556,2059,8,30,548,2029,20909,63727,16896,54078,4013,9649
2022/01/04,外資及陸資,403371,275823,391744,270580,11627,5243,190216,142454,528823,316652,-338607,-174198
2022/01/05,自營商,337303,52564,349006,53463,-11703,-899,231089,108740,206251,43790,24838,64950
2022/01/05,投信,530,1934,16,37,514,1897,21425,65519,16898,53995,4527,11524
2022/01/05,外資及陸資,417223,265302,424857,268712,-7634,-3410,184104,142721,528597,319711,-344493,-176990
2022/01/06,自營商,275276,57092,281906,64260,-6630,-7168,247525,103945,229132,46718,18393,57227
2022/01/06,投信,392,1436,649,2381,-257,-945,21456,65114,17186,54627,4270,10487
2022/01/06,外資及陸資,390206,368098,393081,362955,-2875,5143,189180,145165,536452,315402,-347272,-170237
2022/01/07,自營商,316081,65918,326543,67186,-10462,-1268,255213,105143,247043,49739,8170,55404
2022/01/07,投信,21,76,424,1539,-403,-1463,21347,64037,17480,55118,3867,8919
2022/01/07,外資及陸資,540064,426004,549545,443869,-9481,-17865,185987,129613,542722,314970,-356735,-185357
2022/01/10,自營商,279764,52423,278842,48849,922,3574,264183,108207,255193,48715,8990,59492
2022/01/10,投信,296,1075,0,0,296,1075,21469,64891,17306,54843,4163,10048
2022/01/10,外資及陸資,460987,359164,456072,352094,4915,7070,189856,133914,541743,313221,-351887,-179307
2022/01/11,自營商,350707,69808,354615,64605,-3908,5203,276611,113071,271348,48206,5263,64865
2022/01/11,投信,17,56,51,183,-34,-127,21481,65016,17352,55091,4129,9925
2022/01/11,外資及陸資,559180,397122,573435,411775,-14255,-14653,188919,126973,555077,320566,-366158,-193593
2022/01/12,自營商,386700,64042,374560,62648,12140,1394,237825,112581,219360,45985,18465,66596
2022/01/12,投信,183,651,116,404,67,247,21640,65966,17444,55740,4196,10226
2022/01/12,外資及陸資,516660,326797,518376,323212,-1716,3585,185772,126189,548904,317232,-363132,-191043
2022/01/13,自營商,203142,49879,192347,54492,10795,-4613,259296,110108,228130,47938,31166,62170
2022/01/13,投信,159,579,97,353,62,226,21690,66315,17432,55845,4258,10470
2022/01/13,外資及陸資,391395,333147,385102,318525,6293,14622,196921,133348,553694,310038,-356773,-176690
2022/01/14,自營商,398818,98466,414573,93431,-15755,5035,264098,114041,248397,46980,15701,67061
2022/01/14,投信,2244,3445,2245,3459,-1,-14,21699,66119,17442,55705,4257,10414
2022/01/14,外資及陸資,686076,556903,693320,559247,-7244,-2344,196190,128192,560167,307180,-363977,-178988
2022/01/17,自營商,326781,84197,307595,87878,19186,-3681,286363,119706,251272,55688,35091,64018
2022/01/17,投信,20127,69069,19967,68471,160,598,21795,66944,17378,55847,4417,11097
2022/01/17,外資及陸資,637867,454594,634576,453259,3291,1335,203379,135947,564091,315235,-360712,-179288
2022/01/18,自營商,362108,94507,374088,92192,-11980,2315,284309,121229,261394,55645,22915,65584
2022/01/18,投信,16138,47869,16533,49354,-395,-1485,21813,66353,17791,56828,4022,9525
2022/01/18,外資及陸資,622066,475147,621930,470039,136,5108,214760,141365,575144,313535,-360384,-172170
2022/01/19,自營商,467760,101534,481935,104268,-14175,-2734,207303,103277,138017,37449,69286,65828
2022/01/19,投信,785,2624,782,2645,3,-21,21811,65706,18436,58649,3375,7057
2022/01/19,外資及陸資,641266,430043,653544,435715,-12278,-5672,117298,108221,446702,282950,-329404,-174729
2022/01/20,自營商,215404,46488,226779,43255,-11375,3233,227443,107165,169329,37838,58114,69327
2022/01/20,投信,295,1064,131,450,164,614,21905,66339,18366,58634,3539,7705
2022/01/20,外資及陸資,410237,383649,417957,385781,-7720,-2132,133731,112026,470843,289620,-337112,-177594
2022/01/21,自營商,339491,67662,345980,69082,-6489,-1420,240559,109951,188837,43337,51722,66614
2022/01/21,投信,752,2641,1004,3582,-252,-941,22335,66546,19048,59910,3287,6636
2022/01/21,外資及陸資,505473,467379,522777,477597,-17304,-10218,136696,106353,491063,290372,-354367,-184019
